  Omega0      e0        e1        e2       e11       e22       e33        ai      delta0  
   1.00000   1.00000   0.80000   0.60000   0.00000   0.00000   0.00000   0.10000  -0.45862
Number of "drawing" timesteps:    500
  exp. factor        a1             a2             a3         exp. ratio   
      0.100000      1.000000      0.800000      0.600000      1.000000
      0.104050      1.055234      0.851683      0.650948      1.040505
      0.108024      1.110467      0.903366      0.701896      1.080236
      0.111925      1.165701      0.955048      0.752844      1.119249
      0.115759      1.220935      1.006731      0.803792      1.157594
      0.119531      1.276169      1.058414      0.854741      1.195314
      0.123245      1.331402      1.110097      0.905689      1.232448
      0.126903      1.386636      1.161780      0.956637      1.269030
      0.130509      1.441870      1.213463      1.007585      1.305093
      0.134066      1.497103      1.265145      1.058533      1.340664
      0.137577      1.552337      1.316828      1.109481      1.375769
      0.141043      1.607571      1.368511      1.160429      1.410432
      0.144467      1.662804      1.420194      1.211377      1.444674
      0.147851      1.718038      1.471877      1.262325      1.478515
      0.151197      1.773272      1.523560      1.313274      1.511973
      0.154506      1.828506      1.575242      1.364222      1.545064
      0.157781      1.883739      1.626925      1.415170      1.577805
      0.161021      1.938973      1.678608      1.466118      1.610210
      0.164229      1.994207      1.730291      1.517066      1.642292
      0.167406      2.049440      1.781974      1.568014      1.674064
      0.170554      2.104674      1.833656      1.618962      1.705537
      0.173672      2.159908      1.885339      1.669910      1.736722
      0.176763      2.215141      1.937022      1.720858      1.767629
      0.179827      2.270375      1.988705      1.771807      1.798269
      0.182865      2.325609      2.040388      1.822755      1.828650
      0.185878      2.380843      2.092071      1.873703      1.858780
      0.188867      2.436076      2.143753      1.924651      1.888669
      0.191832      2.491310      2.195436      1.975599      1.918322
      0.194775      2.546544      2.247119      2.026547      1.947749
      0.197695      2.601777      2.298802      2.077495      1.976954
      0.200595      2.657011      2.350485      2.128443      2.005945
      0.203473      2.712245      2.402168      2.179391      2.034729
      0.206331      2.767478      2.453850      2.230340      2.063310
      0.209169      2.822712      2.505533      2.281288      2.091695
      0.211989      2.877946      2.557216      2.332236      2.119888
      0.214789      2.933180      2.608899      2.383184      2.147895
      0.217572      2.988413      2.660582      2.434132      2.175721
      0.220337      3.043647      2.712264      2.485080      2.203369
      0.223085      3.098881      2.763947      2.536028      2.230846
      0.225815      3.154114      2.815630      2.586976      2.258154
      0.228530      3.209348      2.867313      2.637924      2.285298
      0.231228      3.264582      2.918996      2.688873      2.312282
      0.233911      3.319815      2.970679      2.739821      2.339109
      0.236578      3.375049      3.022361      2.790769      2.365784
      0.239231      3.430283      3.074044      2.841717      2.392308
      0.241869      3.485517      3.125727      2.892665      2.418687
      0.244492      3.540750      3.177410      2.943613      2.444922
      0.247102      3.595984      3.229093      2.994561      2.471018
      0.249698      3.651218      3.280775      3.045509      2.496976
      0.252280      3.706451      3.332458      3.096457      2.522800
      0.254849      3.761685      3.384141      3.147406      2.548493
      0.257406      3.816919      3.435824      3.198354      2.574057
      0.259949      3.872152      3.487507      3.249302      2.599494
      0.262481      3.927386      3.539190      3.300250      2.624808
      0.265000      3.982620      3.590872      3.351198      2.650000
      0.267507      4.037854      3.642555      3.402146      2.675073
      0.270003      4.093087      3.694238      3.453094      2.700029
      0.272487      4.148321      3.745921      3.504042      2.724870
      0.274960      4.203555      3.797604      3.554990      2.749599
      0.277422      4.258788      3.849287      3.605939      2.774216
      0.279873      4.314022      3.900969      3.656887      2.798725
      0.282313      4.369256      3.952652      3.707835      2.823128
      0.284742      4.424489      4.004335      3.758783      2.847425
      0.287162      4.479723      4.056018      3.809731      2.871619
      0.289571      4.534957      4.107701      3.860679      2.895711
      0.291970      4.590191      4.159383      3.911627      2.919704
      0.294360      4.645424      4.211066      3.962575      2.943598
      0.296740      4.700658      4.262749      4.013523      2.967396
      0.299110      4.755892      4.314432      4.064472      2.991099
      0.301471      4.811125      4.366115      4.115420      3.014708
      0.303823      4.866359      4.417798      4.166368      3.038225
      0.306165      4.921593      4.469480      4.217316      3.061652
      0.308499      4.976827      4.521163      4.268264      3.084989
      0.310824      5.032060      4.572846      4.319212      3.108238
      0.313140      5.087294      4.624529      4.370160      3.131401
      0.315448      5.142528      4.676212      4.421108      3.154478
      0.317747      5.197761      4.727895      4.472056      3.177471
      0.320038      5.252995      4.779577      4.523005      3.200382
      0.322321      5.308229      4.831260      4.573953      3.223210
      0.324596      5.363462      4.882943      4.624901      3.245958
      0.326863      5.418696      4.934626      4.675849      3.268627
      0.329122      5.473930      4.986309      4.726797      3.291217
      0.331373      5.529164      5.037991      4.777745      3.313730
      0.333617      5.584397      5.089674      4.828693      3.336167
      0.335853      5.639631      5.141357      4.879641      3.358529
      0.338082      5.694865      5.193040      4.930589      3.380816
      0.340303      5.750098      5.244723      4.981538      3.403030
      0.342517      5.805332      5.296406      5.032486      3.425172
      0.344724      5.860566      5.348088      5.083434      3.447243
      0.346924      5.915799      5.399771      5.134382      3.469243
      0.349117      5.971033      5.451454      5.185330      3.491173
      0.351304      6.026267      5.503137      5.236278      3.513035
      0.353483      6.081501      5.554820      5.287226      3.534829
      0.355656      6.136734      5.606503      5.338174      3.556556
      0.357822      6.191968      5.658185      5.389122      3.578217
      0.359981      6.247202      5.709868      5.440071      3.599813
      0.362134      6.302435      5.761551      5.491019      3.621344
      0.364281      6.357669      5.813234      5.541967      3.642811
      0.366422      6.412903      5.864917      5.592915      3.664215
      0.368556      6.468136      5.916599      5.643863      3.685557
      0.370684      6.523370      5.968282      5.694811      3.706837
      0.372806      6.578604      6.019965      5.745759      3.728057
      0.374922      6.633838      6.071648      5.796707      3.749216
      0.377032      6.689071      6.123331      5.847655      3.770315
      0.379136      6.744305      6.175014      5.898604      3.791356
      0.381234      6.799539      6.226696      5.949552      3.812338
      0.383326      6.854772      6.278379      6.000500      3.833263
      0.385413      6.910006      6.330062      6.051448      3.854131
      0.387494      6.965240      6.381745      6.102396      3.874942
      0.389570      7.020473      6.433428      6.153344      3.895698
      0.391640      7.075707      6.485111      6.204292      3.916399
      0.393705      7.130941      6.536793      6.255240      3.937045
      0.395764      7.186175      6.588476      6.306188      3.957637
      0.397818      7.241408      6.640159      6.357137      3.978176
      0.399866      7.296642      6.691842      6.408085      3.998662
      0.401910      7.351876      6.743525      6.459033      4.019095
      0.403948      7.407109      6.795207      6.509981      4.039477
      0.405981      7.462343      6.846890      6.560929      4.059807
      0.408009      7.517577      6.898573      6.611877      4.080087
      0.410032      7.572810      6.950256      6.662825      4.100316
      0.412050      7.628044      7.001939      6.713773      4.120495
      0.414063      7.683278      7.053622      6.764721      4.140626
      0.416071      7.738512      7.105304      6.815670      4.160707
      0.418074      7.793745      7.156987      6.866618      4.180740
      0.420073      7.848979      7.208670      6.917566      4.200725
      0.422066      7.904213      7.260353      6.968514      4.220663
      0.424055      7.959446      7.312036      7.019462      4.240554
      0.426040      8.014680      7.363718      7.070410      4.260398
      0.428020      8.069914      7.415401      7.121358      4.280196
      0.429995      8.125147      7.467084      7.172306      4.299948
      0.431966      8.180381      7.518767      7.223254      4.319656
      0.433932      8.235615      7.570450      7.274203      4.339318
      0.435894      8.290849      7.622133      7.325151      4.358936
      0.437851      8.346082      7.673815      7.376099      4.378510
      0.439804      8.401316      7.725498      7.427047      4.398040
      0.441753      8.456550      7.777181      7.477995      4.417527
      0.443697      8.511783      7.828864      7.528943      4.436971
      0.445637      8.567017      7.880547      7.579891      4.456372
      0.447573      8.622251      7.932230      7.630839      4.475732
      0.449505      8.677486      7.983912      7.681787      4.495049
      0.451433      8.732722      8.035595      7.732736      4.514325
      0.453356      8.787958      8.087278      7.783684      4.533560
      0.455275      8.843196      8.138961      7.834632      4.552755
      0.457191      8.898434      8.190644      7.885580      4.571909
      0.459102      8.953675      8.242326      7.936528      4.591023
      0.461010      9.008917      8.294009      7.987476      4.610097
      0.462913      9.064161      8.345692      8.038424      4.629132
      0.464813      9.119407      8.397375      8.089372      4.648128
      0.466708      9.174655      8.449058      8.140320      4.667085
      0.468600      9.229905      8.500741      8.191269      4.686003
      0.470488      9.285158      8.552423      8.242217      4.704884
      0.472373      9.340414      8.604106      8.293165      4.723727
      0.474253      9.395672      8.655789      8.344113      4.742532
      0.476130      9.450934      8.707472      8.395061      4.761300
      0.478003      9.506199      8.759155      8.446009      4.780031
      0.479873      9.561467      8.810838      8.496957      4.798725
      0.481738      9.616738      8.862520      8.547905      4.817384
      0.483601      9.672014      8.914203      8.598853      4.836006
      0.485459      9.727293      8.965886      8.649802      4.854592
      0.487314      9.782576      9.017569      8.700750      4.873143
      0.489166      9.837863      9.069252      8.751698      4.891658
      0.491014      9.893154      9.120934      8.802646      4.910139
      0.492858      9.948450      9.172617      8.853594      4.928585
      0.494700     10.003750      9.224300      8.904542      4.946996
      0.496537     10.059055      9.275983      8.955490      4.965373
      0.498372     10.114365      9.327666      9.006438      4.983716
      0.500203     10.169680      9.379349      9.057386      5.002026
      0.502030     10.225000      9.431031      9.108335      5.020302
      0.503855     10.280325      9.482714      9.159283      5.038545
      0.505675     10.335655      9.534397      9.210231      5.056755
      0.507493     10.390991      9.586080      9.261179      5.074932
      0.509308     10.446332      9.637763      9.312127      5.093077
      0.511119     10.501679      9.689446      9.363075      5.111189
      0.512927     10.557032      9.741128      9.414023      5.129270
      0.514732     10.612391      9.792811      9.464971      5.147318
      0.516534     10.667756      9.844494      9.515919      5.165335
      0.518332     10.723127      9.896177      9.566868      5.183321
      0.520128     10.778505      9.947860      9.617816      5.201275
      0.521920     10.833889      9.999542      9.668764      5.219199
      0.523709     10.889279     10.051225      9.719712      5.237092
      0.525495     10.944676     10.102908      9.770660      5.254954
      0.527279     11.000081     10.154591      9.821608      5.272786
      0.529059     11.055492     10.206274      9.872556      5.290588
      0.530836     11.110909     10.257957      9.923504      5.308360
      0.532610     11.166335     10.309639      9.974452      5.326102
      0.534382     11.221767     10.361322     10.025401      5.343815
      0.536150     11.277207     10.413005     10.076349      5.361499
      0.537915     11.332654     10.464688     10.127297      5.379153
      0.539678     11.388109     10.516371     10.178245      5.396778
      0.541438     11.443571     10.568053     10.229193      5.414375
      0.543194     11.499041     10.619736     10.280141      5.431943
      0.544948     11.554519     10.671419     10.331089      5.449483
      0.546699     11.610005     10.723102     10.382037      5.466995
      0.548448     11.665499     10.774785     10.432985      5.484478
      0.550193     11.721002     10.826468     10.483934      5.501934
      0.551936     11.776512     10.878150     10.534882      5.519362
      0.553676     11.832031     10.929833     10.585830      5.536763
      0.555414     11.887559     10.981516     10.636778      5.554136
      0.557148     11.943095     11.033199     10.687726      5.571483
      0.558880     11.998639     11.084882     10.738674      5.588802
      0.560609     12.054193     11.136565     10.789622      5.606095
      0.562336     12.109755     11.188247     10.840570      5.623360
      0.564060     12.165326     11.239930     10.891518      5.640600
      0.565781     12.220907     11.291613     10.942467      5.657813
      0.567500     12.276496     11.343296     10.993415      5.675000
      0.569216     12.332095     11.394979     11.044363      5.692161
      0.570930     12.387703     11.446661     11.095311      5.709296
      0.572641     12.443320     11.498344     11.146259      5.726405
      0.574349     12.498947     11.550027     11.197207      5.743489
      0.576055     12.554584     11.601710     11.248155      5.760548
      0.577758     12.610230     11.653393     11.299103      5.777581
      0.579459     12.665886     11.705076     11.350051      5.794590
      0.581157     12.721552     11.756758     11.401000      5.811573
      0.582853     12.777227     11.808441     11.451948      5.828531
      0.584547     12.832913     11.860124     11.502896      5.845465
      0.586237     12.888609     11.911807     11.553844      5.862375
      0.587926     12.944315     11.963490     11.604792      5.879260
      0.589612     13.000031     12.015173     11.655740      5.896121
      0.591296     13.055758     12.066855     11.706688      5.912958
      0.592977     13.111495     12.118538     11.757636      5.929771
      0.594656     13.167242     12.170221     11.808584      5.946560
      0.596333     13.223000     12.221904     11.859533      5.963325
      0.598007     13.278769     12.273587     11.910481      5.980067
      0.599679     13.334549     12.325269     11.961429      5.996785
      0.601348     13.390339     12.376952     12.012377      6.013481
      0.603015     13.446140     12.428635     12.063325      6.030153
      0.604680     13.501953     12.480318     12.114273      6.046802
      0.606343     13.557776     12.532001     12.165221      6.063428
      0.608003     13.613610     12.583684     12.216169      6.080031
      0.609661     13.669456     12.635366     12.267117      6.096612
      0.611317     13.725313     12.687049     12.318066      6.113170
      0.612971     13.781181     12.738732     12.369014      6.129706
      0.614622     13.837061     12.790415     12.419962      6.146220
      0.616271     13.892952     12.842098     12.470910      6.162711
      0.617918     13.948855     12.893781     12.521858      6.179180
      0.619563     14.004770     12.945463     12.572806      6.195628
      0.621205     14.060696     12.997146     12.623754      6.212053
      0.622846     14.116634     13.048829     12.674702      6.228457
      0.624484     14.172584     13.100512     12.725650      6.244840
      0.626120     14.228546     13.152195     12.776599      6.261201
      0.627754     14.284520     13.203877     12.827547      6.277540
      0.629386     14.340506     13.255560     12.878495      6.293859
      0.631016     14.396504     13.307243     12.929443      6.310156
      0.632643     14.452514     13.358926     12.980391      6.326432
      0.634269     14.508537     13.410609     13.031339      6.342687
      0.635892     14.564572     13.462292     13.082287      6.358922
      0.637514     14.620619     13.513974     13.133235      6.375136
      0.639133     14.676679     13.565657     13.184183      6.391329
      0.640750     14.732752     13.617340     13.235132      6.407501
      0.642365     14.788837     13.669023     13.286080      6.423654
      0.643979     14.844935     13.720706     13.337028      6.439786
      0.645590     14.901046     13.772389     13.387976      6.455898
      0.647199     14.957169     13.824071     13.438924      6.471989
      0.648806     15.013306     13.875754     13.489872      6.488061
      0.650411     15.069455     13.927437     13.540820      6.504113
      0.652015     15.125617     13.979120     13.591768      6.520145
      0.653616     15.181793     14.030803     13.642716      6.536158
      0.655215     15.237982     14.082485     13.693665      6.552151
      0.656812     15.294184     14.134168     13.744613      6.568124
      0.658408     15.350399     14.185851     13.795561      6.584078
      0.660001     15.406628     14.237534     13.846509      6.600013
      0.661593     15.462870     14.289217     13.897457      6.615928
      0.663182     15.519125     14.340900     13.948405      6.631824
      0.664770     15.575394     14.392582     13.999353      6.647702
      0.666356     15.631677     14.444265     14.050301      6.663560
      0.667940     15.687974     14.495948     14.101249      6.679399
      0.669522     15.744284     14.547631     14.152198      6.695220
      0.671102     15.800608     14.599314     14.203146      6.711022
      0.672681     15.856946     14.650996     14.254094      6.726806
      0.674257     15.913297     14.702679     14.305042      6.742571
      0.675832     15.969663     14.754362     14.355990      6.758317
      0.677405     16.026043     14.806045     14.406938      6.774046
      0.678976     16.082437     14.857728     14.457886      6.789756
      0.680545     16.138845     14.909411     14.508834      6.805448
      0.682112     16.195267     14.961093     14.559782      6.821121
      0.683678     16.251704     15.012776     14.610731      6.836777
      0.685242     16.308155     15.064459     14.661679      6.852415
      0.686804     16.364621     15.116142     14.712627      6.868035
      0.688364     16.421101     15.167825     14.763575      6.883638
      0.689922     16.477595     15.219508     14.814523      6.899222
      0.691479     16.534104     15.271190     14.865471      6.914789
      0.693034     16.590628     15.322873     14.916419      6.930339
      0.694587     16.647166     15.374556     14.967367      6.945871
      0.696139     16.703719     15.426239     15.018315      6.961386
      0.697688     16.760288     15.477922     15.069264      6.976884
      0.699236     16.816870     15.529604     15.120212      6.992364
      0.700783     16.873468     15.581287     15.171160      7.007827
      0.702327     16.930081     15.632970     15.222108      7.023273
      0.703870     16.986709     15.684653     15.273056      7.038703
      0.705411     17.043352     15.736336     15.324004      7.054115
      0.706951     17.100011     15.788019     15.374952      7.069510
      0.708489     17.156684     15.839701     15.425900      7.084889
      0.710025     17.213373     15.891384     15.476848      7.100251
      0.711560     17.270077     15.943067     15.527797      7.115597
      0.713093     17.326797     15.994750     15.578745      7.130926
      0.714624     17.383532     16.046433     15.629693      7.146238
      0.716153     17.440283     16.098116     15.680641      7.161535
      0.717681     17.497049     16.149798     15.731589      7.176814
      0.719208     17.553831     16.201481     15.782537      7.192078
      0.720733     17.610628     16.253164     15.833485      7.207325
      0.722256     17.667442     16.304847     15.884433      7.222557
      0.723777     17.724271     16.356530     15.935381      7.237772
      0.725297     17.781116     16.408212     15.986330      7.252971
      0.726815     17.837977     16.459895     16.037278      7.268154
      0.728332     17.894853     16.511578     16.088226      7.283322
      0.729847     17.951746     16.563261     16.139174      7.298474
      0.731361     18.008655     16.614944     16.190122      7.313610
      0.732873     18.065580     16.666627     16.241070      7.328730
      0.734383     18.122522     16.718309     16.292018      7.343835
      0.735892     18.179479     16.769992     16.342966      7.358924
      0.737400     18.236453     16.821675     16.393914      7.373998
      0.738906     18.293444     16.873358     16.444863      7.389056
      0.740410     18.350450     16.925041     16.495811      7.404099
      0.741913     18.407473     16.976724     16.546759      7.419127
      0.743414     18.464513     17.028406     16.597707      7.434140
      0.744914     18.521569     17.080089     16.648655      7.449137
      0.746412     18.578642     17.131772     16.699603      7.464120
      0.747909     18.635732     17.183455     16.750551      7.479087
      0.749404     18.692838     17.235138     16.801499      7.494040
      0.750898     18.749961     17.286820     16.852447      7.508977
      0.752390     18.807101     17.338503     16.903396      7.523900
      0.753881     18.864258     17.390186     16.954344      7.538808
      0.755370     18.921432     17.441869     17.005292      7.553701
      0.756858     18.978623     17.493552     17.056240      7.568579
      0.758344     19.035831     17.545235     17.107188      7.583443
      0.759829     19.093056     17.596917     17.158136      7.598293
      0.761313     19.150298     17.648600     17.209084      7.613127
      0.762795     19.207558     17.700283     17.260032      7.627948
      0.764275     19.264834     17.751966     17.310980      7.642754
      0.765755     19.322129     17.803649     17.361929      7.657546
      0.767232     19.379440     17.855332     17.412877      7.672323
      0.768709     19.436769     17.907014     17.463825      7.687086
      0.770184     19.494115     17.958697     17.514773      7.701835
      0.771657     19.551479     18.010380     17.565721      7.716570
      0.773129     19.608861     18.062063     17.616669      7.731291
      0.774600     19.666260     18.113746     17.667617      7.745998
      0.776069     19.723677     18.165428     17.718565      7.760691
      0.777537     19.781112     18.217111     17.769513      7.775370
      0.779004     19.838564     18.268794     17.820462      7.790035
      0.780469     19.896034     18.320477     17.871410      7.804686
      0.781932     19.953523     18.372160     17.922358      7.819324
      0.783395     20.011029     18.423843     17.973306      7.833948
      0.784856     20.068553     18.475525     18.024254      7.848558
      0.786316     20.126096     18.527208     18.075202      7.863155
      0.787774     20.183656     18.578891     18.126150      7.877738
      0.789231     20.241235     18.630574     18.177098      7.892308
      0.790686     20.298831     18.682257     18.228046      7.906864
      0.792141     20.356447     18.733939     18.278995      7.921407
      0.793594     20.414080     18.785622     18.329943      7.935937
      0.795045     20.471732     18.837305     18.380891      7.950453
      0.796496     20.529402     18.888988     18.431839      7.964956
      0.797945     20.587091     18.940671     18.482787      7.979446
      0.799392     20.644798     18.992354     18.533735      7.993923
      0.800839     20.702524     19.044036     18.584683      8.008386
      0.802284     20.760269     19.095719     18.635631      8.022837
      0.803727     20.818032     19.147402     18.686579      8.037274
      0.805170     20.875814     19.199085     18.737527      8.051699
      0.806611     20.933615     19.250768     18.788476      8.066111
      0.808051     20.991435     19.302451     18.839424      8.080509
      0.809490     21.049273     19.354133     18.890372      8.094895
      0.810927     21.107131     19.405816     18.941320      8.109269
      0.812363     21.165007     19.457499     18.992268      8.123629
      0.813798     21.222903     19.509182     19.043216      8.137977
      0.815231     21.280818     19.560865     19.094164      8.152312
      0.816663     21.338752     19.612547     19.145112      8.166635
      0.818094     21.396705     19.664230     19.196060      8.180945
      0.819524     21.454677     19.715913     19.247009      8.195242
      0.820953     21.512669     19.767596     19.297957      8.209528
      0.822380     21.570680     19.819279     19.348905      8.223800
      0.823806     21.628710     19.870962     19.399853      8.238060
      0.825231     21.686760     19.922644     19.450801      8.252308
      0.826654     21.744830     19.974327     19.501749      8.266544
      0.828077     21.802919     20.026010     19.552697      8.280767
      0.829498     21.861027     20.077693     19.603645      8.294979
      0.830918     21.919156     20.129376     19.654593      8.309178
      0.832336     21.977304     20.181059     19.705542      8.323365
      0.833754     22.035471     20.232741     19.756490      8.337540
      0.835170     22.093659     20.284424     19.807438      8.351702
      0.836585     22.151867     20.336107     19.858386      8.365853
      0.837999     22.210094     20.387790     19.909334      8.379992
      0.839412     22.268342     20.439473     19.960282      8.394119
      0.840823     22.326609     20.491155     20.011230      8.408234
      0.842234     22.384897     20.542838     20.062178      8.422337
      0.843643     22.443205     20.594521     20.113126      8.436429
      0.845051     22.501532     20.646204     20.164075      8.450508
      0.846458     22.559881     20.697887     20.215023      8.464576
      0.847863     22.618249     20.749570     20.265971      8.478633
      0.849268     22.676638     20.801252     20.316919      8.492677
      0.850671     22.735047     20.852935     20.367867      8.506710
      0.852073     22.793477     20.904618     20.418815      8.520732
      0.853474     22.851927     20.956301     20.469763      8.534742
      0.854874     22.910398     21.007984     20.520711      8.548740
      0.856273     22.968889     21.059667     20.571659      8.562727
      0.857670     23.027401     21.111349     20.622608      8.576703
      0.859067     23.085933     21.163032     20.673556      8.590667
      0.860462     23.144487     21.214715     20.724504      8.604620
      0.861856     23.203061     21.266398     20.775452      8.618561
      0.863249     23.261656     21.318081     20.826400      8.632491
      0.864641     23.320272     21.369763     20.877348      8.646411
      0.866032     23.378909     21.421446     20.928296      8.660318
      0.867422     23.437567     21.473129     20.979244      8.674215
      0.868810     23.496246     21.524812     21.030192      8.688101
      0.870198     23.554946     21.576495     21.081141      8.701975
      0.871584     23.613667     21.628178     21.132089      8.715839
      0.872969     23.672410     21.679860     21.183037      8.729691
      0.874353     23.731173     21.731543     21.233985      8.743532
      0.875736     23.789958     21.783226     21.284933      8.757363
      0.877118     23.848765     21.834909     21.335881      8.771183
      0.878499     23.907593     21.886592     21.386829      8.784991
      0.879879     23.966442     21.938275     21.437777      8.798789
      0.881258     24.025313     21.989957     21.488725      8.812576
      0.882635     24.084205     22.041640     21.539674      8.826352
      0.884012     24.143119     22.093323     21.590622      8.840118
      0.885387     24.202055     22.145006     21.641570      8.853873
      0.886762     24.261012     22.196689     21.692518      8.867617
      0.888135     24.319992     22.248371     21.743466      8.881350
      0.889507     24.378993     22.300054     21.794414      8.895073
      0.890879     24.438016     22.351737     21.845362      8.908786
      0.892249     24.497060     22.403420     21.896310      8.922487
      0.893618     24.556127     22.455103     21.947258      8.936179
      0.894986     24.615216     22.506786     21.998207      8.949859
      0.896353     24.674327     22.558468     22.049155      8.963530
      0.897719     24.733460     22.610151     22.100103      8.977190
      0.899084     24.792616     22.661834     22.151051      8.990839
      0.900448     24.851793     22.713517     22.201999      9.004478
      0.901811     24.910993     22.765200     22.252947      9.018107
      0.903173     24.970215     22.816882     22.303895      9.031726
      0.904533     25.029460     22.868565     22.354843      9.045334
      0.905893     25.088727     22.920248     22.405791      9.058932
      0.907252     25.148016     22.971931     22.456740      9.072520
      0.908610     25.207328     23.023614     22.507688      9.086098
      0.909967     25.266663     23.075297     22.558636      9.099665
      0.911322     25.326020     23.126979     22.609584      9.113223
      0.912677     25.385400     23.178662     22.660532      9.126770
      0.914031     25.444803     23.230345     22.711480      9.140307
      0.915383     25.504229     23.282028     22.762428      9.153835
      0.916735     25.563677     23.333711     22.813376      9.167352
      0.918086     25.623149     23.385394     22.864324      9.180859
      0.919436     25.682643     23.437076     22.915273      9.194357
      0.920784     25.742161     23.488759     22.966221      9.207844
      0.922132     25.801701     23.540442     23.017169      9.221322
      0.923479     25.861265     23.592125     23.068117      9.234790
      0.924825     25.920851     23.643808     23.119065      9.248248
      0.926170     25.980461     23.695490     23.170013      9.261696
      0.927513     26.040095     23.747173     23.220961      9.275135
      0.928856     26.099751     23.798856     23.271909      9.288563
      0.930198     26.159431     23.850539     23.322857      9.301982
      0.931539     26.219135     23.902222     23.373806      9.315392
      0.932879     26.278862     23.953905     23.424754      9.328792
      0.934218     26.338612     24.005587     23.475702      9.342182
      0.935556     26.398386     24.057270     23.526650      9.355562
      0.936893     26.458184     24.108953     23.577598      9.368933
      0.938229     26.518005     24.160636     23.628546      9.382295
      0.939565     26.577850     24.212319     23.679494      9.395647
      0.940899     26.637719     24.264002     23.730442      9.408989
      0.942232     26.697612     24.315684     23.781390      9.422322
      0.943565     26.757529     24.367367     23.832339      9.435646
      0.944896     26.817469     24.419050     23.883287      9.448960
      0.946226     26.877434     24.470733     23.934235      9.462264
      0.947556     26.937423     24.522416     23.985183      9.475560
      0.948885     26.997436     24.574098     24.036131      9.488846
      0.950212     27.057473     24.625781     24.087079      9.502123
      0.951539     27.117534     24.677464     24.138027      9.515390
      0.952865     27.177620     24.729147     24.188975      9.528649
      0.954190     27.237730     24.780830     24.239923      9.541898
      0.955514     27.297864     24.832513     24.290872      9.555138
      0.956837     27.358023     24.884195     24.341820      9.568368
      0.958159     27.418206     24.935878     24.392768      9.581590
      0.959480     27.478414     24.987561     24.443716      9.594803
      0.960801     27.538646     25.039244     24.494664      9.608006
      0.962120     27.598903     25.090927     24.545612      9.621200
      0.963439     27.659185     25.142610     24.596560      9.634386
      0.964756     27.719491     25.194292     24.647508      9.647562
      0.966073     27.779822     25.245975     24.698456      9.660729
      0.967389     27.840178     25.297658     24.749405      9.673887
      0.968704     27.900559     25.349341     24.800353      9.687037
      0.970018     27.960965     25.401024     24.851301      9.700177
      0.971331     28.021396     25.452706     24.902249      9.713309
      0.972643     28.081853     25.504389     24.953197      9.726431
      0.973955     28.142334     25.556072     25.004145      9.739545
      0.975265     28.202840     25.607755     25.055093      9.752650
      0.976575     28.263372     25.659438     25.106041      9.765746
      0.977883     28.323929     25.711121     25.156989      9.778834
      0.979191     28.384511     25.762803     25.207938      9.791913
      0.980498     28.445119     25.814486     25.258886      9.804983
      0.981804     28.505752     25.866169     25.309834      9.818044
      0.983110     28.566411     25.917852     25.360782      9.831096
      0.984414     28.627095     25.969535     25.411730      9.844140
      0.985718     28.687805     26.021218     25.462678      9.857176
      0.987020     28.748540     26.072900     25.513626      9.870202
      0.988322     28.809301     26.124583     25.564574      9.883220
      0.989623     28.870088     26.176266     25.615522      9.896230
      0.990923     28.930901     26.227949     25.666471      9.909231
      0.992222     28.991740     26.279632     25.717419      9.922223
      0.993521     29.052604     26.331314     25.768367      9.935207
      0.994818     29.113495     26.382997     25.819315      9.948183
      0.996115     29.174412     26.434680     25.870263      9.961150
      0.997411     29.235355     26.486363     25.921211      9.974108
      0.998706     29.296323     26.538046     25.972159      9.987058
      1.000000     29.357319     26.589729     26.023107     10.000000
