  Omega0      e0        e1        e2       e11       e22       e33        ai      delta0  
   1.00000   1.00000   0.80000   0.60000   0.00000   0.00000   0.00000   0.10000  -0.54138
      Tau        exp. factor        v1             v2             v3         exp. ratio   
      0.577350      0.100000      1.369916      1.611933      2.136528      1.000000
      0.612781      0.104050      1.376820      1.605008      2.085362      1.040505
      0.648212      0.108024      1.383028      1.598890      2.041809      1.080236
      0.683643      0.111925      1.388640      1.593446      2.004288      1.119249
      0.719074      0.115759      1.393738      1.588569      1.971628      1.157594
      0.754505      0.119531      1.398390      1.584177      1.942941      1.195314
      0.789936      0.123245      1.402652      1.580199      1.917543      1.232448
      0.825367      0.126903      1.406571      1.576581      1.894900      1.269030
      0.860798      0.130509      1.410186      1.573275      1.874587      1.305093
      0.896229      0.134066      1.413532      1.570242      1.856261      1.340664
      0.931660      0.137577      1.416638      1.567451      1.839645      1.375769
      0.967091      0.141043      1.419528      1.564873      1.824509      1.410432
      1.002522      0.144467      1.422224      1.562485      1.810665      1.444674
      1.037953      0.147851      1.424746      1.560266      1.797954      1.478515
      1.073384      0.151197      1.427109      1.558199      1.786242      1.511973
      1.108815      0.154506      1.429329      1.556270      1.775416      1.545064
      1.144246      0.157781      1.431417      1.554464      1.765379      1.577805
      1.179677      0.161021      1.433385      1.552771      1.756048      1.610210
      1.215108      0.164229      1.435244      1.551180      1.747351      1.642292
      1.250539      0.167406      1.437002      1.549682      1.739225      1.674064
      1.285970      0.170554      1.438666      1.548269      1.731616      1.705537
      1.321401      0.173672      1.440245      1.546934      1.724476      1.736722
      1.356832      0.176763      1.441745      1.545671      1.717764      1.767629
      1.392263      0.179827      1.443172      1.544474      1.711441      1.798269
      1.427694      0.182865      1.444530      1.543339      1.705475      1.828650
      1.463125      0.185878      1.445824      1.542260      1.699836      1.858780
      1.498556      0.188867      1.447060      1.541233      1.694499      1.888669
      1.533987      0.191832      1.448241      1.540255      1.689439      1.918322
      1.569418      0.194775      1.449370      1.539323      1.684636      1.947749
      1.604849      0.197695      1.450451      1.538432      1.680070      1.976954
      1.640280      0.200595      1.451486      1.537581      1.675725      2.005945
      1.675711      0.203473      1.452480      1.536767      1.671584      2.034729
      1.711142      0.206331      1.453433      1.535988      1.667634      2.063310
      1.746573      0.209169      1.454349      1.535240      1.663862      2.091695
      1.782004      0.211989      1.455229      1.534524      1.660256      2.119888
      1.817435      0.214789      1.456077      1.533835      1.656805      2.147895
      1.852866      0.217572      1.456893      1.533174      1.653500      2.175721
      1.888297      0.220337      1.457679      1.532538      1.650331      2.203369
      1.923728      0.223085      1.458436      1.531926      1.647291      2.230846
      1.959159      0.225815      1.459168      1.531337      1.644370      2.258154
      1.994590      0.228530      1.459874      1.530769      1.641564      2.285298
      2.030021      0.231228      1.460555      1.530221      1.638864      2.312282
      2.065452      0.233911      1.461215      1.529692      1.636266      2.339109
      2.100883      0.236578      1.461852      1.529182      1.633763      2.365784
      2.136314      0.239231      1.462469      1.528688      1.631350      2.392308
      2.171745      0.241869      1.463066      1.528211      1.629023      2.418687
      2.207176      0.244492      1.463645      1.527750      1.626777      2.444922
      2.242607      0.247102      1.464205      1.527304      1.624607      2.471018
      2.278038      0.249698      1.464749      1.526872      1.622511      2.496976
      2.313469      0.252280      1.465276      1.526453      1.620484      2.522800
      2.348900      0.254849      1.465788      1.526047      1.618523      2.548493
      2.384331      0.257406      1.466285      1.525653      1.616625      2.574057
      2.419762      0.259949      1.466768      1.525271      1.614786      2.599494
      2.455193      0.262481      1.467237      1.524900      1.613005      2.624808
      2.490624      0.265000      1.467693      1.524540      1.611278      2.650000
      2.526055      0.267507      1.468137      1.524191      1.609603      2.675073
      2.561486      0.270003      1.468568      1.523851      1.607978      2.700029
      2.596917      0.272487      1.468988      1.523520      1.606401      2.724870
      2.632348      0.274960      1.469397      1.523199      1.604868      2.749599
      2.667779      0.277422      1.469795      1.522886      1.603380      2.774216
      2.703210      0.279873      1.470183      1.522581      1.601933      2.798725
      2.738641      0.282313      1.470561      1.522285      1.600525      2.823128
      2.774072      0.284742      1.470930      1.521996      1.599157      2.847425
      2.809503      0.287162      1.471290      1.521715      1.597825      2.871619
      2.844934      0.289571      1.471640      1.521440      1.596528      2.895711
      2.880365      0.291970      1.471983      1.521173      1.595265      2.919704
      2.915796      0.294360      1.472317      1.520912      1.594035      2.943598
      2.951227      0.296740      1.472643      1.520658      1.592836      2.967396
      2.986658      0.299110      1.472962      1.520409      1.591667      2.991099
      3.022089      0.301471      1.473273      1.520167      1.590528      3.014708
      3.057520      0.303823      1.473578      1.519930      1.589416      3.038225
      3.092951      0.306165      1.473875      1.519699      1.588332      3.061652
      3.128382      0.308499      1.474166      1.519473      1.587273      3.084989
      3.163813      0.310824      1.474450      1.519252      1.586240      3.108238
      3.199244      0.313140      1.474728      1.519036      1.585230      3.131401
      3.234675      0.315448      1.475001      1.518825      1.584244      3.154478
      3.270106      0.317747      1.475267      1.518618      1.583281      3.177471
      3.305537      0.320038      1.475528      1.518416      1.582339      3.200382
      3.340968      0.322321      1.475783      1.518219      1.581418      3.223210
      3.376399      0.324596      1.476033      1.518025      1.580518      3.245958
      3.411830      0.326863      1.476278      1.517836      1.579638      3.268627
      3.447261      0.329122      1.476518      1.517650      1.578776      3.291217
      3.482692      0.331373      1.476753      1.517468      1.577933      3.313730
      3.518123      0.333617      1.476984      1.517291      1.577108      3.336167
      3.553554      0.335853      1.477210      1.517116      1.576300      3.358529
      3.588985      0.338082      1.477431      1.516945      1.575509      3.380816
      3.624416      0.340303      1.477649      1.516778      1.574734      3.403030
      3.659847      0.342517      1.477862      1.516614      1.573975      3.425172
      3.695278      0.344724      1.478071      1.516453      1.573231      3.447243
      3.730709      0.346924      1.478276      1.516295      1.572502      3.469243
      3.766140      0.349117      1.478478      1.516140      1.571787      3.491173
      3.801571      0.351304      1.478675      1.515988      1.571086      3.513035
      3.837002      0.353483      1.478870      1.515838      1.570399      3.534829
      3.872433      0.355656      1.479060      1.515692      1.569725      3.556556
      3.907864      0.357822      1.479247      1.515548      1.569064      3.578217
      3.943295      0.359981      1.479431      1.515407      1.568415      3.599813
      3.978726      0.362134      1.479612      1.515269      1.567778      3.621344
      4.014157      0.364281      1.479790      1.515132      1.567153      3.642811
      4.049588      0.366422      1.479964      1.514999      1.566539      3.664215
      4.085019      0.368556      1.480136      1.514867      1.565937      3.685557
      4.120450      0.370684      1.480304      1.514738      1.565345      3.706837
      4.155881      0.372806      1.480470      1.514611      1.564764      3.728057
      4.191312      0.374922      1.480633      1.514487      1.564193      3.749216
      4.226743      0.377032      1.480793      1.514364      1.563632      3.770315
      4.262174      0.379136      1.480951      1.514243      1.563081      3.791356
      4.297605      0.381234      1.481106      1.514125      1.562539      3.812338
      4.333036      0.383326      1.481258      1.514008      1.562007      3.833263
      4.368467      0.385413      1.481408      1.513894      1.561483      3.854131
      4.403898      0.387494      1.481556      1.513781      1.560968      3.874942
      4.439329      0.389570      1.481702      1.513670      1.560462      3.895698
      4.474760      0.391640      1.481845      1.513561      1.559964      3.916399
      4.510191      0.393705      1.481986      1.513453      1.559475      3.937045
      4.545622      0.395764      1.482124      1.513347      1.558993      3.957637
      4.581053      0.397818      1.482261      1.513243      1.558519      3.978176
      4.616484      0.399866      1.482396      1.513141      1.558052      3.998662
      4.651915      0.401910      1.482528      1.513040      1.557593      4.019095
      4.687346      0.403948      1.482659      1.512940      1.557141      4.039477
      4.722777      0.405981      1.482787      1.512842      1.556696      4.059807
      4.758208      0.408009      1.482914      1.512746      1.556258      4.080087
      4.793639      0.410032      1.483039      1.512651      1.555827      4.100316
      4.829070      0.412050      1.483162      1.512557      1.555402      4.120495
      4.864501      0.414063      1.483283      1.512465      1.554984      4.140626
      4.899932      0.416071      1.483403      1.512374      1.554572      4.160707
      4.935363      0.418074      1.483521      1.512285      1.554166      4.180740
      4.970794      0.420073      1.483640      1.512196      1.553766      4.200725
      5.006225      0.422066      1.483765      1.512109      1.553372      4.220663
      5.041656      0.424055      1.483893      1.512024      1.552984      4.240554
      5.077087      0.426040      1.484026      1.511939      1.552601      4.260398
      5.112518      0.428020      1.484163      1.511856      1.552224      4.280196
      5.147949      0.429995      1.484305      1.511773      1.551852      4.299948
      5.183380      0.431966      1.484450      1.511692      1.551485      4.319656
      5.218811      0.433932      1.484599      1.511612      1.551124      4.339318
      5.254242      0.435894      1.484751      1.511533      1.550767      4.358936
      5.289673      0.437851      1.484908      1.511456      1.550416      4.378510
      5.325104      0.439804      1.485068      1.511379      1.550069      4.398040
      5.360535      0.441753      1.485232      1.511303      1.549727      4.417527
      5.395966      0.443697      1.485399      1.511228      1.549390      4.436971
      5.431397      0.445637      1.485569      1.511154      1.549057      4.456372
      5.466828      0.447573      1.485743      1.511082      1.548729      4.475732
      5.502259      0.449505      1.485920      1.511010      1.548405      4.495049
      5.537690      0.451433      1.486100      1.510939      1.548086      4.514325
      5.573121      0.453356      1.486284      1.510869      1.547770      4.533560
      5.608552      0.455275      1.486470      1.510800      1.547459      4.552755
      5.643983      0.457191      1.486659      1.510731      1.547151      4.571909
      5.679414      0.459102      1.486851      1.510664      1.546848      4.591023
      5.714845      0.461010      1.487046      1.510597      1.546549      4.610097
      5.750276      0.462913      1.487244      1.510532      1.546253      4.629132
      5.785707      0.464813      1.487444      1.510467      1.545961      4.648128
      5.821138      0.466708      1.487647      1.510402      1.545673      4.667085
      5.856569      0.468600      1.487853      1.510339      1.545388      4.686003
      5.892000      0.470488      1.488061      1.510276      1.545107      4.704884
      5.927431      0.472373      1.488271      1.510215      1.544829      4.723727
      5.962862      0.474253      1.488484      1.510154      1.544555      4.742532
      5.998293      0.476130      1.488700      1.510093      1.544284      4.761300
      6.033724      0.478003      1.488918      1.510033      1.544016      4.780031
      6.069155      0.479873      1.489138      1.509975      1.543752      4.798725
      6.104586      0.481738      1.489360      1.509916      1.543491      4.817384
      6.140017      0.483601      1.489585      1.509859      1.543232      4.836006
      6.175448      0.485459      1.489812      1.509802      1.542977      4.854592
      6.210879      0.487314      1.490040      1.509745      1.542725      4.873143
      6.246310      0.489166      1.490271      1.509690      1.542476      4.891658
      6.281741      0.491014      1.490504      1.509635      1.542230      4.910139
      6.317172      0.492858      1.490739      1.509580      1.541986      4.928585
      6.352603      0.494700      1.490976      1.509527      1.541745      4.946996
      6.388034      0.496537      1.491215      1.509473      1.541508      4.965373
      6.423465      0.498372      1.491456      1.509421      1.541272      4.983716
      6.458896      0.500203      1.491699      1.509369      1.541040      5.002026
      6.494327      0.502030      1.491944      1.509317      1.540810      5.020302
      6.529758      0.503855      1.492190      1.509267      1.540582      5.038545
      6.565189      0.505675      1.492438      1.509216      1.540357      5.056755
      6.600620      0.507493      1.492688      1.509166      1.540135      5.074932
      6.636051      0.509308      1.492940      1.509117      1.539915      5.093077
      6.671482      0.511119      1.493193      1.509069      1.539697      5.111189
      6.706913      0.512927      1.493448      1.509020      1.539482      5.129270
      6.742344      0.514732      1.493705      1.508973      1.539269      5.147318
      6.777775      0.516534      1.493963      1.508925      1.539059      5.165335
      6.813206      0.518332      1.494223      1.508879      1.538850      5.183321
      6.848637      0.520128      1.494484      1.508833      1.538644      5.201275
      6.884068      0.521920      1.494747      1.508787      1.538440      5.219199
      6.919499      0.523709      1.495012      1.508742      1.538238      5.237092
      6.954930      0.525495      1.495278      1.508697      1.538038      5.254954
      6.990361      0.527279      1.495545      1.508652      1.537841      5.272786
      7.025792      0.529059      1.495814      1.508609      1.537645      5.290588
      7.061223      0.530836      1.496084      1.508565      1.537452      5.308360
      7.096654      0.532610      1.496356      1.508522      1.537260      5.326102
      7.132085      0.534382      1.496629      1.508480      1.537070      5.343815
      7.167516      0.536150      1.496904      1.508437      1.536882      5.361499
      7.202947      0.537915      1.497180      1.508396      1.536697      5.379153
      7.238378      0.539678      1.497457      1.508354      1.536513      5.396778
      7.273809      0.541438      1.497735      1.508313      1.536330      5.414375
      7.309240      0.543194      1.498015      1.508273      1.536150      5.431943
      7.344671      0.544948      1.498296      1.508233      1.535972      5.449483
      7.380102      0.546699      1.498579      1.508193      1.535795      5.466995
      7.415533      0.548448      1.498862      1.508154      1.535620      5.484478
      7.450964      0.550193      1.499147      1.508115      1.535446      5.501934
      7.486395      0.551936      1.499433      1.508076      1.535275      5.519362
      7.521826      0.553676      1.499720      1.508038      1.535105      5.536763
      7.557257      0.555414      1.500009      1.508000      1.534936      5.554136
      7.592688      0.557148      1.500299      1.507962      1.534769      5.571483
      7.628119      0.558880      1.500589      1.507925      1.534604      5.588802
      7.663550      0.560609      1.500881      1.507888      1.534440      5.606095
      7.698981      0.562336      1.501174      1.507852      1.534278      5.623360
      7.734412      0.564060      1.501469      1.507816      1.534118      5.640600
      7.769843      0.565781      1.501764      1.507780      1.533959      5.657813
      7.805274      0.567500      1.502061      1.507744      1.533801      5.675000
      7.840705      0.569216      1.502358      1.507709      1.533645      5.692161
      7.876136      0.570930      1.502657      1.507674      1.533490      5.709296
      7.911567      0.572641      1.502957      1.507640      1.533337      5.726405
      7.946998      0.574349      1.503257      1.507606      1.533185      5.743489
      7.982429      0.576055      1.503559      1.507572      1.533034      5.760548
      8.017860      0.577758      1.503862      1.507538      1.532885      5.777581
      8.053291      0.579459      1.504166      1.507505      1.532737      5.794590
      8.088722      0.581157      1.504471      1.507472      1.532591      5.811573
      8.124153      0.582853      1.504777      1.507439      1.532446      5.828531
      8.159584      0.584547      1.505084      1.507407      1.532302      5.845465
      8.195015      0.586237      1.505392      1.507374      1.532159      5.862375
      8.230446      0.587926      1.505701      1.507342      1.532018      5.879260
      8.265877      0.589612      1.506011      1.507311      1.531877      5.896121
      8.301308      0.591296      1.506321      1.507279      1.531739      5.912958
      8.336739      0.592977      1.506633      1.507248      1.531601      5.929771
      8.372170      0.594656      1.506946      1.507218      1.531464      5.946560
      8.407601      0.596333      1.507260      1.507187      1.531329      5.963325
      8.443032      0.598007      1.507574      1.507157      1.531195      5.980067
      8.478463      0.599679      1.507890      1.507127      1.531062      5.996785
      8.513894      0.601348      1.508207      1.507097      1.530930      6.013481
      8.549325      0.603015      1.508524      1.507067      1.530799      6.030153
      8.584756      0.604680      1.508842      1.507038      1.530669      6.046802
      8.620187      0.606343      1.509162      1.507009      1.530541      6.063428
      8.655618      0.608003      1.509482      1.506980      1.530413      6.080031
      8.691049      0.609661      1.509803      1.506951      1.530286      6.096612
      8.726480      0.611317      1.510125      1.506923      1.530161      6.113170
      8.761911      0.612971      1.510448      1.506895      1.530037      6.129706
      8.797342      0.614622      1.510772      1.506867      1.529913      6.146220
      8.832773      0.616271      1.511096      1.506839      1.529791      6.162711
      8.868204      0.617918      1.511422      1.506812      1.529670      6.179180
      8.903635      0.619563      1.511748      1.506785      1.529549      6.195628
      8.939066      0.621205      1.512075      1.506758      1.529430      6.212053
      8.974497      0.622846      1.512403      1.506731      1.529311      6.228457
      9.009928      0.624484      1.512732      1.506704      1.529194      6.244840
      9.045359      0.626120      1.513062      1.506678      1.529077      6.261201
      9.080790      0.627754      1.513393      1.506652      1.528962      6.277540
      9.116221      0.629386      1.513724      1.506626      1.528847      6.293859
      9.151652      0.631016      1.514056      1.506600      1.528733      6.310156
      9.187083      0.632643      1.514389      1.506575      1.528620      6.326432
      9.222514      0.634269      1.514723      1.506549      1.528508      6.342687
      9.257945      0.635892      1.515058      1.506524      1.528397      6.358922
      9.293376      0.637514      1.515394      1.506499      1.528287      6.375136
      9.328807      0.639133      1.515730      1.506474      1.528177      6.391329
      9.364238      0.640750      1.516067      1.506450      1.528068      6.407501
      9.399669      0.642365      1.516405      1.506425      1.527961      6.423654
      9.435100      0.643979      1.516744      1.506401      1.527854      6.439786
      9.470531      0.645590      1.517084      1.506377      1.527748      6.455898
      9.505962      0.647199      1.517424      1.506353      1.527642      6.471989
      9.541393      0.648806      1.517765      1.506329      1.527538      6.488061
      9.576824      0.650411      1.518107      1.506306      1.527434      6.504113
      9.612255      0.652015      1.518450      1.506282      1.527331      6.520145
      9.647686      0.653616      1.518794      1.506259      1.527229      6.536158
      9.683117      0.655215      1.519138      1.506236      1.527127      6.552151
      9.718548      0.656812      1.519483      1.506213      1.527027      6.568124
      9.753979      0.658408      1.519829      1.506191      1.526927      6.584078
      9.789410      0.660001      1.520176      1.506168      1.526828      6.600013
      9.824841      0.661593      1.520523      1.506146      1.526729      6.615928
      9.860272      0.663182      1.520872      1.506124      1.526631      6.631824
      9.895703      0.664770      1.521221      1.506102      1.526534      6.647702
      9.931134      0.666356      1.521571      1.506080      1.526438      6.663560
      9.966565      0.667940      1.521921      1.506058      1.526342      6.679399
     10.001996      0.669522      1.522273      1.506037      1.526247      6.695220
     10.037427      0.671102      1.522625      1.506015      1.526153      6.711022
     10.072858      0.672681      1.522978      1.505994      1.526060      6.726806
     10.108289      0.674257      1.523331      1.505973      1.525967      6.742571
     10.143720      0.675832      1.523686      1.505952      1.525874      6.758317
     10.179151      0.677405      1.524041      1.505931      1.525783      6.774046
     10.214582      0.678976      1.524397      1.505911      1.525692      6.789756
     10.250013      0.680545      1.524754      1.505890      1.525601      6.805448
     10.285444      0.682112      1.525111      1.505870      1.525512      6.821121
     10.320875      0.683678      1.525469      1.505849      1.525423      6.836777
     10.356306      0.685242      1.525828      1.505829      1.525334      6.852415
     10.391737      0.686804      1.526188      1.505809      1.525246      6.868035
     10.427168      0.688364      1.526549      1.505790      1.525159      6.883638
     10.462599      0.689922      1.526910      1.505770      1.525073      6.899222
     10.498030      0.691479      1.527272      1.505750      1.524987      6.914789
     10.533461      0.693034      1.527635      1.505731      1.524901      6.930339
     10.568892      0.694587      1.527998      1.505712      1.524816      6.945871
     10.604323      0.696139      1.528362      1.505693      1.524732      6.961386
     10.639754      0.697688      1.528727      1.505673      1.524648      6.976884
     10.675185      0.699236      1.529093      1.505655      1.524565      6.992364
     10.710616      0.700783      1.529460      1.505636      1.524483      7.007827
     10.746047      0.702327      1.529827      1.505617      1.524400      7.023273
     10.781478      0.703870      1.530195      1.505599      1.524319      7.038703
     10.816909      0.705411      1.530564      1.505580      1.524238      7.054115
     10.852340      0.706951      1.530933      1.505562      1.524158      7.069510
     10.887771      0.708489      1.531304      1.505544      1.524078      7.084889
     10.923202      0.710025      1.531675      1.505526      1.523998      7.100251
     10.958633      0.711560      1.532046      1.505508      1.523920      7.115597
     10.994064      0.713093      1.532419      1.505490      1.523841      7.130926
     11.029495      0.714624      1.532792      1.505472      1.523763      7.146238
     11.064926      0.716153      1.533166      1.505455      1.523686      7.161535
     11.100357      0.717681      1.533541      1.505437      1.523609      7.176814
     11.135788      0.719208      1.533916      1.505420      1.523533      7.192078
     11.171219      0.720733      1.534292      1.505403      1.523457      7.207325
     11.206650      0.722256      1.534669      1.505385      1.523382      7.222557
     11.242081      0.723777      1.535047      1.505368      1.523307      7.237772
     11.277512      0.725297      1.535426      1.505351      1.523233      7.252971
     11.312943      0.726815      1.535805      1.505335      1.523159      7.268154
     11.348374      0.728332      1.536185      1.505318      1.523085      7.283322
     11.383805      0.729847      1.536565      1.505301      1.523013      7.298474
     11.419236      0.731361      1.536947      1.505285      1.522940      7.313610
     11.454667      0.732873      1.537329      1.505268      1.522868      7.328730
     11.490098      0.734383      1.537712      1.505252      1.522796      7.343835
     11.525529      0.735892      1.538096      1.505236      1.522725      7.358924
     11.560960      0.737400      1.538480      1.505220      1.522655      7.373998
     11.596391      0.738906      1.538865      1.505204      1.522584      7.389056
     11.631822      0.740410      1.539251      1.505188      1.522514      7.404099
     11.667253      0.741913      1.539638      1.505172      1.522445      7.419127
     11.702684      0.743414      1.540025      1.505156      1.522376      7.434140
     11.738115      0.744914      1.540413      1.505141      1.522308      7.449137
     11.773546      0.746412      1.540802      1.505125      1.522239      7.464120
     11.808977      0.747909      1.541192      1.505110      1.522172      7.479087
     11.844408      0.749404      1.541582      1.505094      1.522104      7.494040
     11.879839      0.750898      1.541974      1.505079      1.522038      7.508977
     11.915270      0.752390      1.542366      1.505064      1.521971      7.523900
     11.950701      0.753881      1.542758      1.505049      1.521905      7.538808
     11.986132      0.755370      1.543152      1.505034      1.521839      7.553701
     12.021563      0.756858      1.543546      1.505019      1.521774      7.568579
     12.056994      0.758344      1.543941      1.505004      1.521709      7.583443
     12.092425      0.759829      1.544336      1.504990      1.521645      7.598293
     12.127856      0.761313      1.544733      1.504975      1.521580      7.613127
     12.163287      0.762795      1.545130      1.504960      1.521517      7.627948
     12.198718      0.764275      1.545528      1.504946      1.521453      7.642754
     12.234149      0.765755      1.545927      1.504932      1.521390      7.657546
     12.269580      0.767232      1.546326      1.504917      1.521328      7.672323
     12.305011      0.768709      1.546727      1.504903      1.521265      7.687086
     12.340442      0.770184      1.547128      1.504889      1.521203      7.701835
     12.375873      0.771657      1.547529      1.504875      1.521142      7.716570
     12.411304      0.773129      1.547932      1.504861      1.521081      7.731291
     12.446735      0.774600      1.548335      1.504847      1.521020      7.745998
     12.482166      0.776069      1.548739      1.504833      1.520959      7.760691
     12.517597      0.777537      1.549144      1.504820      1.520899      7.775370
     12.553028      0.779004      1.549550      1.504806      1.520839      7.790035
     12.588459      0.780469      1.549956      1.504792      1.520780      7.804686
     12.623890      0.781932      1.550363      1.504779      1.520721      7.819324
     12.659321      0.783395      1.550771      1.504766      1.520662      7.833948
     12.694752      0.784856      1.551180      1.504752      1.520603      7.848558
     12.730183      0.786316      1.551589      1.504739      1.520545      7.863155
     12.765614      0.787774      1.551999      1.504726      1.520488      7.877738
     12.801045      0.789231      1.552410      1.504713      1.520430      7.892308
     12.836476      0.790686      1.552822      1.504700      1.520373      7.906864
     12.871907      0.792141      1.553234      1.504687      1.520316      7.921407
     12.907338      0.793594      1.553648      1.504674      1.520260      7.935937
     12.942769      0.795045      1.554062      1.504661      1.520203      7.950453
     12.978200      0.796496      1.554477      1.504648      1.520147      7.964956
     13.013631      0.797945      1.554892      1.504635      1.520092      7.979446
     13.049062      0.799392      1.555309      1.504623      1.520037      7.993923
     13.084493      0.800839      1.555726      1.504610      1.519982      8.008386
     13.119924      0.802284      1.556144      1.504598      1.519927      8.022837
     13.155355      0.803727      1.556562      1.504585      1.519873      8.037274
     13.190786      0.805170      1.556982      1.504573      1.519818      8.051699
     13.226217      0.806611      1.557402      1.504561      1.519765      8.066111
     13.261648      0.808051      1.557823      1.504548      1.519711      8.080509
     13.297079      0.809490      1.558245      1.504536      1.519658      8.094895
     13.332510      0.810927      1.558668      1.504524      1.519605      8.109269
     13.367941      0.812363      1.559091      1.504512      1.519552      8.123629
     13.403372      0.813798      1.559516      1.504500      1.519500      8.137977
     13.438803      0.815231      1.559941      1.504488      1.519448      8.152312
     13.474234      0.816663      1.560367      1.504476      1.519396      8.166635
     13.509665      0.818094      1.560793      1.504465      1.519345      8.180945
     13.545096      0.819524      1.561221      1.504453      1.519293      8.195242
     13.580527      0.820953      1.561649      1.504441      1.519242      8.209528
     13.615958      0.822380      1.562078      1.504430      1.519192      8.223800
     13.651389      0.823806      1.562508      1.504418      1.519141      8.238060
     13.686820      0.825231      1.562938      1.504407      1.519091      8.252308
     13.722251      0.826654      1.563370      1.504395      1.519041      8.266544
     13.757682      0.828077      1.563802      1.504384      1.518991      8.280767
     13.793113      0.829498      1.564235      1.504373      1.518942      8.294979
     13.828544      0.830918      1.564669      1.504361      1.518893      8.309178
     13.863975      0.832336      1.565104      1.504350      1.518844      8.323365
     13.899406      0.833754      1.565539      1.504339      1.518795      8.337540
     13.934837      0.835170      1.565975      1.504328      1.518747      8.351702
     13.970268      0.836585      1.566412      1.504317      1.518699      8.365853
     14.005699      0.837999      1.566850      1.504306      1.518651      8.379992
     14.041130      0.839412      1.567289      1.504295      1.518603      8.394119
     14.076561      0.840823      1.567729      1.504284      1.518556      8.408234
     14.111992      0.842234      1.568169      1.504274      1.518509      8.422337
     14.147423      0.843643      1.568610      1.504263      1.518462      8.436429
     14.182854      0.845051      1.569052      1.504252      1.518415      8.450508
     14.218285      0.846458      1.569495      1.504242      1.518369      8.464576
     14.253716      0.847863      1.569939      1.504231      1.518322      8.478633
     14.289147      0.849268      1.570383      1.504220      1.518276      8.492677
     14.324578      0.850671      1.570828      1.504210      1.518231      8.506710
     14.360009      0.852073      1.571274      1.504200      1.518185      8.520732
     14.395440      0.853474      1.571721      1.504189      1.518140      8.534742
     14.430871      0.854874      1.572169      1.504179      1.518095      8.548740
     14.466302      0.856273      1.572618      1.504169      1.518050      8.562727
     14.501733      0.857670      1.573067      1.504158      1.518005      8.576703
     14.537164      0.859067      1.573517      1.504148      1.517961      8.590667
     14.572595      0.860462      1.573968      1.504138      1.517917      8.604620
     14.608026      0.861856      1.574420      1.504128      1.517873      8.618561
     14.643457      0.863249      1.574873      1.504118      1.517829      8.632491
     14.678888      0.864641      1.575327      1.504108      1.517785      8.646411
     14.714319      0.866032      1.575781      1.504098      1.517742      8.660318
     14.749750      0.867422      1.576236      1.504088      1.517699      8.674215
     14.785181      0.868810      1.576692      1.504078      1.517656      8.688101
     14.820612      0.870198      1.577149      1.504069      1.517613      8.701975
     14.856043      0.871584      1.577607      1.504059      1.517571      8.715839
     14.891474      0.872969      1.578066      1.504049      1.517529      8.729691
     14.926905      0.874353      1.578525      1.504040      1.517487      8.743532
     14.962336      0.875736      1.578986      1.504030      1.517445      8.757363
     14.997767      0.877118      1.579447      1.504020      1.517403      8.771183
     15.033198      0.878499      1.579909      1.504011      1.517361      8.784991
     15.068629      0.879879      1.580372      1.504002      1.517320      8.798789
     15.104060      0.881258      1.580836      1.503992      1.517279      8.812576
     15.139491      0.882635      1.581300      1.503983      1.517238      8.826352
     15.174922      0.884012      1.581766      1.503973      1.517197      8.840118
     15.210353      0.885387      1.582232      1.503964      1.517157      8.853873
     15.245784      0.886762      1.582699      1.503955      1.517117      8.867617
     15.281215      0.888135      1.583167      1.503946      1.517076      8.881350
     15.316646      0.889507      1.583636      1.503937      1.517037      8.895073
     15.352077      0.890879      1.584106      1.503927      1.516997      8.908786
     15.387508      0.892249      1.584577      1.503918      1.516957      8.922487
     15.422939      0.893618      1.585048      1.503909      1.516918      8.936179
     15.458370      0.894986      1.585521      1.503900      1.516879      8.949859
     15.493801      0.896353      1.585994      1.503891      1.516840      8.963530
     15.529232      0.897719      1.586468      1.503883      1.516801      8.977190
     15.564663      0.899084      1.586943      1.503874      1.516762      8.990839
     15.600094      0.900448      1.587419      1.503865      1.516724      9.004478
     15.635525      0.901811      1.587896      1.503856      1.516685      9.018107
     15.670956      0.903173      1.588374      1.503847      1.516647      9.031726
     15.706387      0.904533      1.588852      1.503839      1.516609      9.045334
     15.741818      0.905893      1.589332      1.503830      1.516571      9.058932
     15.777249      0.907252      1.589812      1.503821      1.516534      9.072520
     15.812680      0.908610      1.590293      1.503813      1.516496      9.086098
     15.848111      0.909967      1.590775      1.503804      1.516459      9.099665
     15.883542      0.911322      1.591258      1.503796      1.516422      9.113223
     15.918973      0.912677      1.591742      1.503787      1.516385      9.126770
     15.954404      0.914031      1.592227      1.503779      1.516348      9.140307
     15.989835      0.915383      1.592712      1.503770      1.516311      9.153835
     16.025266      0.916735      1.593199      1.503762      1.516275      9.167352
     16.060697      0.918086      1.593686      1.503754      1.516239      9.180859
     16.096128      0.919436      1.594175      1.503745      1.516203      9.194357
     16.131559      0.920784      1.594664      1.503737      1.516167      9.207844
     16.166990      0.922132      1.595154      1.503729      1.516131      9.221322
     16.202421      0.923479      1.595645      1.503721      1.516095      9.234790
     16.237852      0.924825      1.596137      1.503713      1.516060      9.248248
     16.273283      0.926170      1.596630      1.503705      1.516024      9.261696
     16.308714      0.927513      1.597124      1.503697      1.515989      9.275135
     16.344145      0.928856      1.597618      1.503688      1.515954      9.288563
     16.379576      0.930198      1.598114      1.503680      1.515919      9.301982
     16.415007      0.931539      1.598610      1.503673      1.515884      9.315392
     16.450438      0.932879      1.599108      1.503665      1.515850      9.328792
     16.485869      0.934218      1.599606      1.503657      1.515815      9.342182
     16.521300      0.935556      1.600105      1.503649      1.515781      9.355562
     16.556731      0.936893      1.600606      1.503641      1.515747      9.368933
     16.592162      0.938229      1.601107      1.503633      1.515713      9.382295
     16.627593      0.939565      1.601609      1.503625      1.515679      9.395647
     16.663024      0.940899      1.602112      1.503618      1.515646      9.408989
     16.698455      0.942232      1.602615      1.503610      1.515612      9.422322
     16.733886      0.943565      1.603120      1.503602      1.515579      9.435646
     16.769317      0.944896      1.603626      1.503595      1.515545      9.448960
     16.804748      0.946226      1.604132      1.503587      1.515512      9.462264
     16.840179      0.947556      1.604640      1.503580      1.515479      9.475560
     16.875610      0.948885      1.605148      1.503572      1.515446      9.488846
     16.911041      0.950212      1.605658      1.503565      1.515414      9.502123
     16.946472      0.951539      1.606168      1.503557      1.515381      9.515390
     16.981903      0.952865      1.606680      1.503550      1.515349      9.528649
     17.017334      0.954190      1.607192      1.503542      1.515317      9.541898
     17.052765      0.955514      1.607705      1.503535      1.515284      9.555138
     17.088196      0.956837      1.608219      1.503527      1.515252      9.568368
     17.123627      0.958159      1.608734      1.503520      1.515220      9.581590
     17.159058      0.959480      1.609250      1.503513      1.515189      9.594803
     17.194489      0.960801      1.609767      1.503506      1.515157      9.608006
     17.229920      0.962120      1.610285      1.503498      1.515126      9.621200
     17.265351      0.963439      1.610804      1.503491      1.515094      9.634386
     17.300782      0.964756      1.611323      1.503484      1.515063      9.647562
     17.336213      0.966073      1.611844      1.503477      1.515032      9.660729
     17.371644      0.967389      1.612366      1.503470      1.515001      9.673887
     17.407075      0.968704      1.612888      1.503463      1.514970      9.687037
     17.442506      0.970018      1.613412      1.503456      1.514939      9.700177
     17.477937      0.971331      1.613937      1.503449      1.514909      9.713309
     17.513368      0.972643      1.614462      1.503442      1.514878      9.726431
     17.548799      0.973955      1.614989      1.503435      1.514848      9.739545
     17.584230      0.975265      1.615516      1.503428      1.514818      9.752650
     17.619661      0.976575      1.616044      1.503421      1.514788      9.765746
     17.655092      0.977883      1.616574      1.503414      1.514758      9.778834
     17.690523      0.979191      1.617104      1.503407      1.514728      9.791913
     17.725954      0.980498      1.617635      1.503400      1.514698      9.804983
     17.761385      0.981804      1.618168      1.503393      1.514669      9.818044
     17.796816      0.983110      1.618701      1.503387      1.514639      9.831096
     17.832247      0.984414      1.619235      1.503380      1.514610      9.844140
     17.867678      0.985718      1.619770      1.503373      1.514581      9.857176
     17.903109      0.987020      1.620306      1.503367      1.514551      9.870202
     17.938540      0.988322      1.620844      1.503360      1.514522      9.883220
     17.973971      0.989623      1.621382      1.503353      1.514493      9.896230
     18.009402      0.990923      1.621921      1.503347      1.514465      9.909231
     18.044833      0.992222      1.622461      1.503340      1.514436      9.922223
     18.080264      0.993521      1.623002      1.503334      1.514407      9.935207
     18.115695      0.994818      1.623544      1.503327      1.514379      9.948183
     18.151126      0.996115      1.624087      1.503320      1.514351      9.961150
     18.186557      0.997411      1.624631      1.503314      1.514322      9.974108
     18.221988      0.998706      1.625176      1.503308      1.514294      9.987058
     18.257419      1.000000      1.625722      1.503301      1.514266     10.000000
