  Omega0      e0        e1        e2       e11       e22       e33        ai      delta0  
   1.00000   1.00000   0.80000   0.60000   0.00000   0.00000   0.00000   0.10000  -0.48621
      Tau        exp. factor        v1             v2             v3         exp. ratio   
      0.577350      0.100000      1.356675      1.590029      2.095847      1.000000
      0.612781      0.104050      1.364212      1.584531      2.048791      1.040505
      0.648212      0.108024      1.370996      1.579665      2.008623      1.080236
      0.683643      0.111925      1.377134      1.575329      1.973934      1.119249
      0.719074      0.115759      1.382715      1.571440      1.943674      1.157594
      0.754505      0.119531      1.387810      1.567934      1.917047      1.195314
      0.789936      0.123245      1.392482      1.564755      1.893435      1.232448
      0.825367      0.126903      1.396780      1.561861      1.872353      1.269030
      0.860798      0.130509      1.400747      1.559214      1.853416      1.305093
      0.896229      0.134066      1.404421      1.556784      1.836312      1.340664
      0.931660      0.137577      1.407832      1.554546      1.820786      1.375769
      0.967091      0.141043      1.411009      1.552478      1.806631      1.410432
      1.002522      0.144467      1.413974      1.550561      1.793673      1.444674
      1.037953      0.147851      1.416747      1.548779      1.781765      1.478515
      1.073384      0.151197      1.419347      1.547118      1.770785      1.511973
      1.108815      0.154506      1.421790      1.545567      1.760629      1.545064
      1.144246      0.157781      1.424089      1.544114      1.751208      1.577805
      1.179677      0.161021      1.426257      1.542752      1.742443      1.610210
      1.215108      0.164229      1.428305      1.541470      1.734270      1.642292
      1.250539      0.167406      1.430242      1.540264      1.726629      1.674064
      1.285970      0.170554      1.432076      1.539126      1.719472      1.705537
      1.321401      0.173672      1.433817      1.538050      1.712752      1.736722
      1.356832      0.176763      1.435471      1.537032      1.706432      1.767629
      1.392263      0.179827      1.437044      1.536067      1.700477      1.798269
      1.427694      0.182865      1.438543      1.535151      1.694855      1.828650
      1.463125      0.185878      1.439972      1.534280      1.689540      1.858780
      1.498556      0.188867      1.441335      1.533452      1.684508      1.888669
      1.533987      0.191832      1.442638      1.532662      1.679735      1.918322
      1.569418      0.194775      1.443885      1.531909      1.675204      1.947749
      1.604849      0.197695      1.445079      1.531190      1.670895      1.976954
      1.640280      0.200595      1.446222      1.530502      1.666793      2.005945
      1.675711      0.203473      1.447319      1.529845      1.662884      2.034729
      1.711142      0.206331      1.448373      1.529215      1.659153      2.063310
      1.746573      0.209169      1.449385      1.528611      1.655590      2.091695
      1.782004      0.211989      1.450358      1.528031      1.652182      2.119888
      1.817435      0.214789      1.451294      1.527475      1.648921      2.147895
      1.852866      0.217572      1.452196      1.526940      1.645796      2.175721
      1.888297      0.220337      1.453065      1.526426      1.642800      2.203369
      1.923728      0.223085      1.453903      1.525930      1.639925      2.230846
      1.959159      0.225815      1.454711      1.525454      1.637163      2.258154
      1.994590      0.228530      1.455492      1.524994      1.634508      2.285298
      2.030021      0.231228      1.456246      1.524550      1.631954      2.312282
      2.065452      0.233911      1.456975      1.524123      1.629495      2.339109
      2.100883      0.236578      1.457680      1.523709      1.627126      2.365784
      2.136314      0.239231      1.458362      1.523310      1.624842      2.392308
      2.171745      0.241869      1.459023      1.522924      1.622639      2.418687
      2.207176      0.244492      1.459663      1.522550      1.620512      2.444922
      2.242607      0.247102      1.460284      1.522189      1.618458      2.471018
      2.278038      0.249698      1.460885      1.521839      1.616472      2.496976
      2.313469      0.252280      1.461469      1.521499      1.614552      2.522800
      2.348900      0.254849      1.462035      1.521171      1.612694      2.548493
      2.384331      0.257406      1.462586      1.520852      1.610896      2.574057
      2.419762      0.259949      1.463120      1.520542      1.609154      2.599494
      2.455193      0.262481      1.463639      1.520242      1.607466      2.624808
      2.490624      0.265000      1.464144      1.519950      1.605829      2.650000
      2.526055      0.267507      1.464635      1.519666      1.604242      2.675073
      2.561486      0.270003      1.465113      1.519391      1.602701      2.700029
      2.596917      0.272487      1.465578      1.519123      1.601205      2.724870
      2.632348      0.274960      1.466031      1.518862      1.599753      2.749599
      2.667779      0.277422      1.466472      1.518609      1.598341      2.774216
      2.703210      0.279873      1.466902      1.518362      1.596969      2.798725
      2.738641      0.282313      1.467321      1.518121      1.595634      2.823128
      2.774072      0.284742      1.467729      1.517887      1.594336      2.847425
      2.809503      0.287162      1.468127      1.517659      1.593072      2.871619
      2.844934      0.289571      1.468516      1.517436      1.591842      2.895711
      2.880365      0.291970      1.468895      1.517219      1.590644      2.919704
      2.915796      0.294360      1.469265      1.517008      1.589477      2.943598
      2.951227      0.296740      1.469627      1.516801      1.588340      2.967396
      2.986658      0.299110      1.469980      1.516600      1.587231      2.991099
      3.022089      0.301471      1.470325      1.516403      1.586149      3.014708
      3.057520      0.303823      1.470662      1.516211      1.585094      3.038225
      3.092951      0.306165      1.470992      1.516023      1.584065      3.061652
      3.128382      0.308499      1.471314      1.515840      1.583060      3.084989
      3.163813      0.310824      1.471629      1.515661      1.582079      3.108238
      3.199244      0.313140      1.471937      1.515485      1.581121      3.131401
      3.234675      0.315448      1.472239      1.515314      1.580185      3.154478
      3.270106      0.317747      1.472534      1.515146      1.579270      3.177471
      3.305537      0.320038      1.472823      1.514983      1.578376      3.200382
      3.340968      0.322321      1.473107      1.514822      1.577502      3.223210
      3.376399      0.324596      1.473384      1.514665      1.576647      3.245958
      3.411830      0.326863      1.473655      1.514511      1.575811      3.268627
      3.447261      0.329122      1.473921      1.514361      1.574993      3.291217
      3.482692      0.331373      1.474182      1.514213      1.574192      3.313730
      3.518123      0.333617      1.474438      1.514069      1.573408      3.336167
      3.553554      0.335853      1.474688      1.513927      1.572641      3.358529
      3.588985      0.338082      1.474934      1.513788      1.571889      3.380816
      3.624416      0.340303      1.475175      1.513652      1.571153      3.403030
      3.659847      0.342517      1.475411      1.513519      1.570432      3.425172
      3.695278      0.344724      1.475643      1.513388      1.569725      3.447243
      3.730709      0.346924      1.475871      1.513260      1.569033      3.469243
      3.766140      0.349117      1.476094      1.513134      1.568354      3.491173
      3.801571      0.351304      1.476314      1.513011      1.567688      3.513035
      3.837002      0.353483      1.476529      1.512889      1.567035      3.534829
      3.872433      0.355656      1.476740      1.512770      1.566394      3.556556
      3.907864      0.357822      1.476948      1.512654      1.565766      3.578217
      3.943295      0.359981      1.477152      1.512539      1.565149      3.599813
      3.978726      0.362134      1.477352      1.512427      1.564544      3.621344
      4.014157      0.364281      1.477549      1.512316      1.563950      3.642811
      4.049588      0.366422      1.477743      1.512207      1.563367      3.664215
      4.085019      0.368556      1.477933      1.512101      1.562795      3.685557
      4.120450      0.370684      1.478120      1.511996      1.562232      3.706837
      4.155881      0.372806      1.478304      1.511893      1.561680      3.728057
      4.191312      0.374922      1.478484      1.511791      1.561137      3.749216
      4.226743      0.377032      1.478662      1.511692      1.560604      3.770315
      4.262174      0.379136      1.478837      1.511594      1.560080      3.791356
      4.297605      0.381234      1.479009      1.511497      1.559565      3.812338
      4.333036      0.383326      1.479178      1.511403      1.559059      3.833263
      4.368467      0.385413      1.479345      1.511309      1.558561      3.854131
      4.403898      0.387494      1.479509      1.511218      1.558072      3.874942
      4.439329      0.389570      1.479670      1.511128      1.557590      3.895698
      4.474760      0.391640      1.479829      1.511039      1.557117      3.916399
      4.510191      0.393705      1.479985      1.510952      1.556651      3.937045
      4.545622      0.395764      1.480139      1.510866      1.556193      3.957637
      4.581053      0.397818      1.480291      1.510781      1.555743      3.978176
      4.616484      0.399866      1.480440      1.510698      1.555299      3.998662
      4.651915      0.401910      1.480587      1.510616      1.554862      4.019095
      4.687346      0.403948      1.480732      1.510535      1.554433      4.039477
      4.722777      0.405981      1.480875      1.510455      1.554010      4.059807
      4.758208      0.408009      1.481015      1.510377      1.553593      4.080087
      4.793639      0.410032      1.481154      1.510300      1.553183      4.100316
      4.829070      0.412050      1.481291      1.510223      1.552779      4.120495
      4.864501      0.414063      1.481425      1.510148      1.552381      4.140626
      4.899932      0.416071      1.481558      1.510075      1.551989      4.160707
      4.935363      0.418074      1.481689      1.510002      1.551603      4.180740
      4.970794      0.420073      1.481817      1.509930      1.551223      4.200725
      5.006225      0.422066      1.481945      1.509859      1.550848      4.220663
      5.041656      0.424055      1.482070      1.509790      1.550479      4.240554
      5.077087      0.426040      1.482194      1.509721      1.550115      4.260398
      5.112518      0.428020      1.482316      1.509653      1.549756      4.280196
      5.147949      0.429995      1.482436      1.509586      1.549402      4.299948
      5.183380      0.431966      1.482555      1.509520      1.549053      4.319656
      5.218811      0.433932      1.482673      1.509455      1.548709      4.339318
      5.254242      0.435894      1.482793      1.509391      1.548370      4.358936
      5.289673      0.437851      1.482918      1.509328      1.548036      4.378510
      5.325104      0.439804      1.483046      1.509265      1.547706      4.398040
      5.360535      0.441753      1.483179      1.509204      1.547381      4.417527
      5.395966      0.443697      1.483315      1.509143      1.547060      4.436971
      5.431397      0.445637      1.483455      1.509083      1.546744      4.456372
      5.466828      0.447573      1.483599      1.509024      1.546431      4.475732
      5.502259      0.449505      1.483746      1.508965      1.546123      4.495049
      5.537690      0.451433      1.483897      1.508907      1.545819      4.514325
      5.573121      0.453356      1.484051      1.508850      1.545519      4.533560
      5.608552      0.455275      1.484209      1.508794      1.545223      4.552755
      5.643983      0.457191      1.484369      1.508739      1.544930      4.571909
      5.679414      0.459102      1.484533      1.508684      1.544641      4.591023
      5.714845      0.461010      1.484700      1.508630      1.544357      4.610097
      5.750276      0.462913      1.484870      1.508576      1.544075      4.629132
      5.785707      0.464813      1.485043      1.508523      1.543797      4.648128
      5.821138      0.466708      1.485219      1.508471      1.543523      4.667085
      5.856569      0.468600      1.485398      1.508420      1.543252      4.686003
      5.892000      0.470488      1.485580      1.508369      1.542985      4.704884
      5.927431      0.472373      1.485764      1.508319      1.542720      4.723727
      5.962862      0.474253      1.485951      1.508269      1.542459      4.742532
      5.998293      0.476130      1.486141      1.508220      1.542202      4.761300
      6.033724      0.478003      1.486333      1.508171      1.541947      4.780031
      6.069155      0.479873      1.486528      1.508123      1.541695      4.798725
      6.104586      0.481738      1.486725      1.508076      1.541446      4.817384
      6.140017      0.483601      1.486924      1.508029      1.541201      4.836006
      6.175448      0.485459      1.487126      1.507983      1.540958      4.854592
      6.210879      0.487314      1.487331      1.507937      1.540718      4.873143
      6.246310      0.489166      1.487537      1.507892      1.540481      4.891658
      6.281741      0.491014      1.487746      1.507847      1.540246      4.910139
      6.317172      0.492858      1.487957      1.507803      1.540014      4.928585
      6.352603      0.494700      1.488171      1.507759      1.539785      4.946996
      6.388034      0.496537      1.488386      1.507716      1.539559      4.965373
      6.423465      0.498372      1.488603      1.507673      1.539335      4.983716
      6.458896      0.500203      1.488823      1.507631      1.539114      5.002026
      6.494327      0.502030      1.489044      1.507589      1.538895      5.020302
      6.529758      0.503855      1.489268      1.507547      1.538678      5.038545
      6.565189      0.505675      1.489493      1.507506      1.538464      5.056755
      6.600620      0.507493      1.489721      1.507466      1.538252      5.074932
      6.636051      0.509308      1.489950      1.507426      1.538043      5.093077
      6.671482      0.511119      1.490181      1.507386      1.537836      5.111189
      6.706913      0.512927      1.490414      1.507347      1.537631      5.129270
      6.742344      0.514732      1.490648      1.507308      1.537428      5.147318
      6.777775      0.516534      1.490885      1.507270      1.537228      5.165335
      6.813206      0.518332      1.491123      1.507232      1.537029      5.183321
      6.848637      0.520128      1.491362      1.507194      1.536833      5.201275
      6.884068      0.521920      1.491604      1.507157      1.536639      5.219199
      6.919499      0.523709      1.491847      1.507120      1.536447      5.237092
      6.954930      0.525495      1.492091      1.507084      1.536256      5.254954
      6.990361      0.527279      1.492338      1.507048      1.536068      5.272786
      7.025792      0.529059      1.492586      1.507012      1.535882      5.290588
      7.061223      0.530836      1.492835      1.506977      1.535698      5.308360
      7.096654      0.532610      1.493086      1.506942      1.535515      5.326102
      7.132085      0.534382      1.493338      1.506907      1.535335      5.343815
      7.167516      0.536150      1.493592      1.506873      1.535156      5.361499
      7.202947      0.537915      1.493847      1.506839      1.534979      5.379153
      7.238378      0.539678      1.494104      1.506805      1.534804      5.396778
      7.273809      0.541438      1.494362      1.506772      1.534630      5.414375
      7.309240      0.543194      1.494621      1.506739      1.534459      5.431943
      7.344671      0.544948      1.494882      1.506706      1.534289      5.449483
      7.380102      0.546699      1.495144      1.506674      1.534120      5.466995
      7.415533      0.548448      1.495408      1.506642      1.533953      5.484478
      7.450964      0.550193      1.495673      1.506610      1.533788      5.501934
      7.486395      0.551936      1.495939      1.506579      1.533625      5.519362
      7.521826      0.553676      1.496206      1.506548      1.533463      5.536763
      7.557257      0.555414      1.496475      1.506517      1.533303      5.554136
      7.592688      0.557148      1.496745      1.506486      1.533144      5.571483
      7.628119      0.558880      1.497016      1.506456      1.532986      5.588802
      7.663550      0.560609      1.497288      1.506426      1.532831      5.606095
      7.698981      0.562336      1.497561      1.506396      1.532676      5.623360
      7.734412      0.564060      1.497836      1.506367      1.532523      5.640600
      7.769843      0.565781      1.498112      1.506338      1.532372      5.657813
      7.805274      0.567500      1.498389      1.506309      1.532222      5.675000
      7.840705      0.569216      1.498667      1.506280      1.532073      5.692161
      7.876136      0.570930      1.498946      1.506252      1.531926      5.709296
      7.911567      0.572641      1.499227      1.506224      1.531780      5.726405
      7.946998      0.574349      1.499508      1.506196      1.531635      5.743489
      7.982429      0.576055      1.499791      1.506168      1.531492      5.760548
      8.017860      0.577758      1.500074      1.506141      1.531349      5.777581
      8.053291      0.579459      1.500359      1.506114      1.531209      5.794590
      8.088722      0.581157      1.500645      1.506087      1.531069      5.811573
      8.124153      0.582853      1.500931      1.506060      1.530931      5.828531
      8.159584      0.584547      1.501219      1.506034      1.530794      5.845465
      8.195015      0.586237      1.501508      1.506008      1.530658      5.862375
      8.230446      0.587926      1.501798      1.505982      1.530523      5.879260
      8.265877      0.589612      1.502089      1.505956      1.530390      5.896121
      8.301308      0.591296      1.502380      1.505930      1.530257      5.912958
      8.336739      0.592977      1.502673      1.505905      1.530126      5.929771
      8.372170      0.594656      1.502967      1.505880      1.529996      5.946560
      8.407601      0.596333      1.503262      1.505855      1.529867      5.963325
      8.443032      0.598007      1.503557      1.505830      1.529739      5.980067
      8.478463      0.599679      1.503854      1.505806      1.529613      5.996785
      8.513894      0.601348      1.504151      1.505782      1.529487      6.013481
      8.549325      0.603015      1.504450      1.505758      1.529363      6.030153
      8.584756      0.604680      1.504749      1.505734      1.529239      6.046802
      8.620187      0.606343      1.505050      1.505710      1.529116      6.063428
      8.655618      0.608003      1.505351      1.505687      1.528995      6.080031
      8.691049      0.609661      1.505653      1.505663      1.528874      6.096612
      8.726480      0.611317      1.505956      1.505640      1.528755      6.113170
      8.761911      0.612971      1.506260      1.505617      1.528636      6.129706
      8.797342      0.614622      1.506564      1.505595      1.528519      6.146220
      8.832773      0.616271      1.506870      1.505572      1.528402      6.162711
      8.868204      0.617918      1.507176      1.505550      1.528287      6.179180
      8.903635      0.619563      1.507484      1.505528      1.528172      6.195628
      8.939066      0.621205      1.507792      1.505506      1.528058      6.212053
      8.974497      0.622846      1.508101      1.505484      1.527946      6.228457
      9.009928      0.624484      1.508411      1.505462      1.527834      6.244840
      9.045359      0.626120      1.508721      1.505441      1.527723      6.261201
      9.080790      0.627754      1.509033      1.505419      1.527612      6.277540
      9.116221      0.629386      1.509345      1.505398      1.527503      6.293859
      9.151652      0.631016      1.509658      1.505377      1.527395      6.310156
      9.187083      0.632643      1.509972      1.505356      1.527287      6.326432
      9.222514      0.634269      1.510287      1.505336      1.527180      6.342687
      9.257945      0.635892      1.510602      1.505315      1.527074      6.358922
      9.293376      0.637514      1.510918      1.505295      1.526969      6.375136
      9.328807      0.639133      1.511235      1.505275      1.526865      6.391329
      9.364238      0.640750      1.511553      1.505255      1.526762      6.407501
      9.399669      0.642365      1.511872      1.505235      1.526659      6.423654
      9.435100      0.643979      1.512191      1.505215      1.526557      6.439786
      9.470531      0.645590      1.512512      1.505196      1.526456      6.455898
      9.505962      0.647199      1.512832      1.505176      1.526356      6.471989
      9.541393      0.648806      1.513154      1.505157      1.526256      6.488061
      9.576824      0.650411      1.513477      1.505138      1.526157      6.504113
      9.612255      0.652015      1.513800      1.505119      1.526059      6.520145
      9.647686      0.653616      1.514124      1.505100      1.525962      6.536158
      9.683117      0.655215      1.514449      1.505081      1.525865      6.552151
      9.718548      0.656812      1.514774      1.505063      1.525769      6.568124
      9.753979      0.658408      1.515100      1.505044      1.525674      6.584078
      9.789410      0.660001      1.515427      1.505026      1.525580      6.600013
      9.824841      0.661593      1.515755      1.505008      1.525486      6.615928
      9.860272      0.663182      1.516083      1.504990      1.525393      6.631824
      9.895703      0.664770      1.516412      1.504972      1.525300      6.647702
      9.931134      0.666356      1.516742      1.504954      1.525208      6.663560
      9.966565      0.667940      1.517073      1.504936      1.525117      6.679399
     10.001996      0.669522      1.517404      1.504919      1.525027      6.695220
     10.037427      0.671102      1.517736      1.504901      1.524937      6.711022
     10.072858      0.672681      1.518069      1.504884      1.524848      6.726806
     10.108289      0.674257      1.518402      1.504867      1.524759      6.742571
     10.143720      0.675832      1.518736      1.504850      1.524671      6.758317
     10.179151      0.677405      1.519071      1.504833      1.524584      6.774046
     10.214582      0.678976      1.519407      1.504816      1.524497      6.789756
     10.250013      0.680545      1.519743      1.504799      1.524411      6.805448
     10.285444      0.682112      1.520080      1.504783      1.524326      6.821121
     10.320875      0.683678      1.520418      1.504766      1.524241      6.836777
     10.356306      0.685242      1.520756      1.504750      1.524157      6.852415
     10.391737      0.686804      1.521095      1.504734      1.524073      6.868035
     10.427168      0.688364      1.521435      1.504717      1.523990      6.883638
     10.462599      0.689922      1.521775      1.504701      1.523907      6.899222
     10.498030      0.691479      1.522116      1.504686      1.523825      6.914789
     10.533461      0.693034      1.522458      1.504670      1.523744      6.930339
     10.568892      0.694587      1.522801      1.504654      1.523663      6.945871
     10.604323      0.696139      1.523144      1.504638      1.523583      6.961386
     10.639754      0.697688      1.523488      1.504623      1.523503      6.976884
     10.675185      0.699236      1.523832      1.504608      1.523424      6.992364
     10.710616      0.700783      1.524178      1.504592      1.523345      7.007827
     10.746047      0.702327      1.524523      1.504577      1.523267      7.023273
     10.781478      0.703870      1.524870      1.504562      1.523189      7.038703
     10.816909      0.705411      1.525217      1.504547      1.523112      7.054115
     10.852340      0.706951      1.525565      1.504532      1.523036      7.069510
     10.887771      0.708489      1.525914      1.504517      1.522960      7.084889
     10.923202      0.710025      1.526263      1.504503      1.522884      7.100251
     10.958633      0.711560      1.526613      1.504488      1.522809      7.115597
     10.994064      0.713093      1.526964      1.504473      1.522734      7.130926
     11.029495      0.714624      1.527315      1.504459      1.522660      7.146238
     11.064926      0.716153      1.527667      1.504445      1.522586      7.161535
     11.100357      0.717681      1.528019      1.504431      1.522513      7.176814
     11.135788      0.719208      1.528373      1.504416      1.522441      7.192078
     11.171219      0.720733      1.528727      1.504402      1.522368      7.207325
     11.206650      0.722256      1.529081      1.504388      1.522297      7.222557
     11.242081      0.723777      1.529437      1.504374      1.522225      7.237772
     11.277512      0.725297      1.529793      1.504361      1.522154      7.252971
     11.312943      0.726815      1.530149      1.504347      1.522084      7.268154
     11.348374      0.728332      1.530506      1.504333      1.522014      7.283322
     11.383805      0.729847      1.530864      1.504320      1.521945      7.298474
     11.419236      0.731361      1.531223      1.504306      1.521875      7.313610
     11.454667      0.732873      1.531582      1.504293      1.521807      7.328730
     11.490098      0.734383      1.531942      1.504280      1.521739      7.343835
     11.525529      0.735892      1.532303      1.504267      1.521671      7.358924
     11.560960      0.737400      1.532664      1.504253      1.521603      7.373998
     11.596391      0.738906      1.533026      1.504240      1.521536      7.389056
     11.631822      0.740410      1.533388      1.504228      1.521470      7.404099
     11.667253      0.741913      1.533752      1.504215      1.521404      7.419127
     11.702684      0.743414      1.534115      1.504202      1.521338      7.434140
     11.738115      0.744914      1.534480      1.504189      1.521273      7.449137
     11.773546      0.746412      1.534845      1.504176      1.521208      7.464120
     11.808977      0.747909      1.535211      1.504164      1.521143      7.479087
     11.844408      0.749404      1.535577      1.504151      1.521079      7.494040
     11.879839      0.750898      1.535945      1.504139      1.521015      7.508977
     11.915270      0.752390      1.536312      1.504127      1.520952      7.523900
     11.950701      0.753881      1.536681      1.504114      1.520889      7.538808
     11.986132      0.755370      1.537050      1.504102      1.520826      7.553701
     12.021563      0.756858      1.537420      1.504090      1.520764      7.568579
     12.056994      0.758344      1.537790      1.504078      1.520702      7.583443
     12.092425      0.759829      1.538161      1.504066      1.520641      7.598293
     12.127856      0.761313      1.538533      1.504054      1.520580      7.613127
     12.163287      0.762795      1.538905      1.504042      1.520519      7.627948
     12.198718      0.764275      1.539279      1.504031      1.520459      7.642754
     12.234149      0.765755      1.539652      1.504019      1.520398      7.657546
     12.269580      0.767232      1.540027      1.504007      1.520339      7.672323
     12.305011      0.768709      1.540402      1.503996      1.520279      7.687086
     12.340442      0.770184      1.540777      1.503984      1.520220      7.701835
     12.375873      0.771657      1.541154      1.503973      1.520162      7.716570
     12.411304      0.773129      1.541531      1.503961      1.520103      7.731291
     12.446735      0.774600      1.541908      1.503950      1.520045      7.745998
     12.482166      0.776069      1.542287      1.503939      1.519988      7.760691
     12.517597      0.777537      1.542666      1.503928      1.519930      7.775370
     12.553028      0.779004      1.543045      1.503916      1.519873      7.790035
     12.588459      0.780469      1.543426      1.503905      1.519817      7.804686
     12.623890      0.781932      1.543807      1.503894      1.519760      7.819324
     12.659321      0.783395      1.544188      1.503883      1.519704      7.833948
     12.694752      0.784856      1.544571      1.503873      1.519649      7.848558
     12.730183      0.786316      1.544953      1.503862      1.519593      7.863155
     12.765614      0.787774      1.545337      1.503851      1.519538      7.877738
     12.801045      0.789231      1.545721      1.503840      1.519483      7.892308
     12.836476      0.790686      1.546106      1.503830      1.519429      7.906864
     12.871907      0.792141      1.546492      1.503819      1.519375      7.921407
     12.907338      0.793594      1.546878      1.503809      1.519321      7.935937
     12.942769      0.795045      1.547265      1.503798      1.519267      7.950453
     12.978200      0.796496      1.547653      1.503788      1.519214      7.964956
     13.013631      0.797945      1.548041      1.503777      1.519161      7.979446
     13.049062      0.799392      1.548430      1.503767      1.519108      7.993923
     13.084493      0.800839      1.548819      1.503757      1.519056      8.008386
     13.119924      0.802284      1.549210      1.503747      1.519004      8.022837
     13.155355      0.803727      1.549601      1.503737      1.518952      8.037274
     13.190786      0.805170      1.549992      1.503727      1.518900      8.051699
     13.226217      0.806611      1.550384      1.503717      1.518849      8.066111
     13.261648      0.808051      1.550777      1.503707      1.518798      8.080509
     13.297079      0.809490      1.551171      1.503697      1.518748      8.094895
     13.332510      0.810927      1.551565      1.503687      1.518697      8.109269
     13.367941      0.812363      1.551960      1.503677      1.518647      8.123629
     13.403372      0.813798      1.552356      1.503667      1.518597      8.137977
     13.438803      0.815231      1.552752      1.503658      1.518547      8.152312
     13.474234      0.816663      1.553149      1.503648      1.518498      8.166635
     13.509665      0.818094      1.553547      1.503638      1.518449      8.180945
     13.545096      0.819524      1.553945      1.503629      1.518400      8.195242
     13.580527      0.820953      1.554344      1.503619      1.518351      8.209528
     13.615958      0.822380      1.554743      1.503610      1.518303      8.223800
     13.651389      0.823806      1.555144      1.503601      1.518255      8.238060
     13.686820      0.825231      1.555545      1.503591      1.518207      8.252308
     13.722251      0.826654      1.555946      1.503582      1.518160      8.266544
     13.757682      0.828077      1.556349      1.503573      1.518112      8.280767
     13.793113      0.829498      1.556752      1.503564      1.518065      8.294979
     13.828544      0.830918      1.557156      1.503554      1.518018      8.309178
     13.863975      0.832336      1.557560      1.503545      1.517972      8.323365
     13.899406      0.833754      1.557965      1.503536      1.517925      8.337540
     13.934837      0.835170      1.558371      1.503527      1.517879      8.351702
     13.970268      0.836585      1.558777      1.503518      1.517833      8.365853
     14.005699      0.837999      1.559184      1.503509      1.517788      8.379992
     14.041130      0.839412      1.559592      1.503500      1.517742      8.394119
     14.076561      0.840823      1.560001      1.503492      1.517697      8.408234
     14.111992      0.842234      1.560410      1.503483      1.517652      8.422337
     14.147423      0.843643      1.560820      1.503474      1.517607      8.436429
     14.182854      0.845051      1.561230      1.503465      1.517563      8.450508
     14.218285      0.846458      1.561642      1.503457      1.517519      8.464576
     14.253716      0.847863      1.562054      1.503448      1.517475      8.478633
     14.289147      0.849268      1.562466      1.503440      1.517431      8.492677
     14.324578      0.850671      1.562880      1.503431      1.517387      8.506710
     14.360009      0.852073      1.563294      1.503423      1.517344      8.520732
     14.395440      0.853474      1.563708      1.503414      1.517301      8.534742
     14.430871      0.854874      1.564124      1.503406      1.517258      8.548740
     14.466302      0.856273      1.564540      1.503397      1.517215      8.562727
     14.501733      0.857670      1.564957      1.503389      1.517172      8.576703
     14.537164      0.859067      1.565374      1.503381      1.517130      8.590667
     14.572595      0.860462      1.565792      1.503372      1.517088      8.604620
     14.608026      0.861856      1.566211      1.503364      1.517046      8.618561
     14.643457      0.863249      1.566631      1.503356      1.517004      8.632491
     14.678888      0.864641      1.567051      1.503348      1.516963      8.646411
     14.714319      0.866032      1.567472      1.503340      1.516921      8.660318
     14.749750      0.867422      1.567894      1.503332      1.516880      8.674215
     14.785181      0.868810      1.568316      1.503324      1.516839      8.688101
     14.820612      0.870198      1.568739      1.503316      1.516799      8.701975
     14.856043      0.871584      1.569163      1.503308      1.516758      8.715839
     14.891474      0.872969      1.569588      1.503300      1.516718      8.729691
     14.926905      0.874353      1.570013      1.503292      1.516678      8.743532
     14.962336      0.875736      1.570439      1.503284      1.516638      8.757363
     14.997767      0.877118      1.570866      1.503277      1.516598      8.771183
     15.033198      0.878499      1.571293      1.503269      1.516559      8.784991
     15.068629      0.879879      1.571721      1.503261      1.516519      8.798789
     15.104060      0.881258      1.572150      1.503254      1.516480      8.812576
     15.139491      0.882635      1.572579      1.503246      1.516441      8.826352
     15.174922      0.884012      1.573010      1.503238      1.516402      8.840118
     15.210353      0.885387      1.573441      1.503231      1.516364      8.853873
     15.245784      0.886762      1.573872      1.503223      1.516325      8.867617
     15.281215      0.888135      1.574305      1.503216      1.516287      8.881350
     15.316646      0.889507      1.574738      1.503208      1.516249      8.895073
     15.352077      0.890879      1.575171      1.503201      1.516211      8.908786
     15.387508      0.892249      1.575606      1.503193      1.516173      8.922487
     15.422939      0.893618      1.576041      1.503186      1.516136      8.936179
     15.458370      0.894986      1.576477      1.503179      1.516098      8.949859
     15.493801      0.896353      1.576914      1.503172      1.516061      8.963530
     15.529232      0.897719      1.577351      1.503164      1.516024      8.977190
     15.564663      0.899084      1.577790      1.503157      1.515987      8.990839
     15.600094      0.900448      1.578229      1.503150      1.515950      9.004478
     15.635525      0.901811      1.578668      1.503143      1.515914      9.018107
     15.670956      0.903173      1.579108      1.503136      1.515878      9.031726
     15.706387      0.904533      1.579550      1.503129      1.515841      9.045334
     15.741818      0.905893      1.579991      1.503121      1.515805      9.058932
     15.777249      0.907252      1.580434      1.503114      1.515769      9.072520
     15.812680      0.908610      1.580877      1.503107      1.515734      9.086098
     15.848111      0.909967      1.581321      1.503100      1.515698      9.099665
     15.883542      0.911322      1.581766      1.503094      1.515663      9.113223
     15.918973      0.912677      1.582212      1.503087      1.515628      9.126770
     15.954404      0.914031      1.582658      1.503080      1.515593      9.140307
     15.989835      0.915383      1.583105      1.503073      1.515558      9.153835
     16.025266      0.916735      1.583552      1.503066      1.515523      9.167352
     16.060697      0.918086      1.584001      1.503059      1.515488      9.180859
     16.096128      0.919436      1.584450      1.503053      1.515454      9.194357
     16.131559      0.920784      1.584900      1.503046      1.515420      9.207844
     16.166990      0.922132      1.585351      1.503039      1.515385      9.221322
     16.202421      0.923479      1.585802      1.503033      1.515351      9.234790
     16.237852      0.924825      1.586254      1.503026      1.515318      9.248248
     16.273283      0.926170      1.586707      1.503019      1.515284      9.261696
     16.308714      0.927513      1.587161      1.503013      1.515250      9.275135
     16.344145      0.928856      1.587616      1.503006      1.515217      9.288563
     16.379576      0.930198      1.588071      1.503000      1.515184      9.301982
     16.415007      0.931539      1.588527      1.502993      1.515151      9.315392
     16.450438      0.932879      1.588983      1.502987      1.515118      9.328792
     16.485869      0.934218      1.589441      1.502980      1.515085      9.342182
     16.521300      0.935556      1.589899      1.502974      1.515052      9.355562
     16.556731      0.936893      1.590358      1.502968      1.515020      9.368933
     16.592162      0.938229      1.590818      1.502961      1.514987      9.382295
     16.627593      0.939565      1.591278      1.502955      1.514955      9.395647
     16.663024      0.940899      1.591740      1.502949      1.514923      9.408989
     16.698455      0.942232      1.592202      1.502942      1.514891      9.422322
     16.733886      0.943565      1.592664      1.502936      1.514859      9.435646
     16.769317      0.944896      1.593128      1.502930      1.514827      9.448960
     16.804748      0.946226      1.593592      1.502924      1.514796      9.462264
     16.840179      0.947556      1.594057      1.502917      1.514764      9.475560
     16.875610      0.948885      1.594523      1.502911      1.514733      9.488846
     16.911041      0.950212      1.594990      1.502905      1.514702      9.502123
     16.946472      0.951539      1.595457      1.502899      1.514671      9.515390
     16.981903      0.952865      1.595925      1.502893      1.514640      9.528649
     17.017334      0.954190      1.596394      1.502887      1.514609      9.541898
     17.052765      0.955514      1.596864      1.502881      1.514578      9.555138
     17.088196      0.956837      1.597334      1.502875      1.514548      9.568368
     17.123627      0.958159      1.597806      1.502869      1.514518      9.581590
     17.159058      0.959480      1.598278      1.502863      1.514487      9.594803
     17.194489      0.960801      1.598751      1.502857      1.514457      9.608006
     17.229920      0.962120      1.599224      1.502851      1.514427      9.621200
     17.265351      0.963439      1.599699      1.502845      1.514397      9.634386
     17.300782      0.964756      1.600174      1.502840      1.514367      9.647562
     17.336213      0.966073      1.600650      1.502834      1.514338      9.660729
     17.371644      0.967389      1.601126      1.502828      1.514308      9.673887
     17.407075      0.968704      1.601604      1.502822      1.514279      9.687037
     17.442506      0.970018      1.602082      1.502817      1.514250      9.700177
     17.477937      0.971331      1.602561      1.502811      1.514220      9.713309
     17.513368      0.972643      1.603041      1.502805      1.514191      9.726431
     17.548799      0.973955      1.603522      1.502799      1.514162      9.739545
     17.584230      0.975265      1.604003      1.502794      1.514134      9.752650
     17.619661      0.976575      1.604486      1.502788      1.514105      9.765746
     17.655092      0.977883      1.604969      1.502783      1.514076      9.778834
     17.690523      0.979191      1.605452      1.502777      1.514048      9.791913
     17.725954      0.980498      1.605937      1.502771      1.514020      9.804983
     17.761385      0.981804      1.606423      1.502766      1.513991      9.818044
     17.796816      0.983110      1.606909      1.502760      1.513963      9.831096
     17.832247      0.984414      1.607396      1.502755      1.513935      9.844140
     17.867678      0.985718      1.607884      1.502749      1.513907      9.857176
     17.903109      0.987020      1.608372      1.502744      1.513880      9.870202
     17.938540      0.988322      1.608862      1.502739      1.513852      9.883220
     17.973971      0.989623      1.609352      1.502733      1.513824      9.896230
     18.009402      0.990923      1.609843      1.502728      1.513797      9.909231
     18.044833      0.992222      1.610335      1.502722      1.513770      9.922223
     18.080264      0.993521      1.610828      1.502717      1.513742      9.935207
     18.115695      0.994818      1.611321      1.502712      1.513715      9.948183
     18.151126      0.996115      1.611815      1.502706      1.513688      9.961150
     18.186557      0.997411      1.612311      1.502701      1.513661      9.974108
     18.221988      0.998706      1.612806      1.502696      1.513635      9.987058
     18.257419      1.000000      1.613303      1.502691      1.513608     10.000000
