  Omega0      e0        e1        e2       e11       e22       e33        ai      delta0  
   1.00000   1.00000   0.80000   0.60000   0.00000   0.00000   0.00000   0.10000  -0.59655
      Tau        exp. factor        v1             v2             v3         exp. ratio   
      0.577350      0.100000      1.383157      1.633837      2.177209      1.000000
      0.612781      0.104050      1.389415      1.625451      2.121821      1.040505
      0.648212      0.108024      1.395036      1.618054      2.074808      1.080236
      0.683643      0.111925      1.400114      1.611481      2.034404      1.119249
      0.719074      0.115759      1.404723      1.605601      1.999307      1.157594
      0.754505      0.119531      1.408925      1.600311      1.968536      1.195314
      0.789936      0.123245      1.412773      1.595525      1.941338      1.232448
      0.825367      0.126903      1.416308      1.591175      1.917124      1.269030
      0.860798      0.130509      1.419569      1.587204      1.895429      1.305093
      0.896229      0.134066      1.422584      1.583565      1.875879      1.340664
      0.931660      0.137577      1.425382      1.580217      1.858171      1.375769
      0.967091      0.141043      1.427984      1.577127      1.842056      1.410432
      1.002522      0.144467      1.430411      1.574266      1.827329      1.444674
      1.037953      0.147851      1.432680      1.571610      1.813818      1.478515
      1.073384      0.151197      1.434806      1.569137      1.801378      1.511973
      1.108815      0.154506      1.436801      1.566830      1.789887      1.545064
      1.144246      0.157781      1.438678      1.564671      1.779240      1.577805
      1.179677      0.161021      1.440447      1.562648      1.769347      1.610210
      1.215108      0.164229      1.442116      1.560747      1.760131      1.642292
      1.250539      0.167406      1.443695      1.558958      1.751525      1.674064
      1.285970      0.170554      1.445189      1.557272      1.743470      1.705537
      1.321401      0.173672      1.446607      1.555679      1.735915      1.736722
      1.356832      0.176763      1.447953      1.554173      1.728815      1.767629
      1.392263      0.179827      1.449232      1.552745      1.722130      1.798269
      1.427694      0.182865      1.450451      1.551392      1.715824      1.828650
      1.463125      0.185878      1.451612      1.550106      1.709866      1.858780
      1.498556      0.188867      1.452720      1.548882      1.704229      1.888669
      1.533987      0.191832      1.453778      1.547717      1.698886      1.918322
      1.569418      0.194775      1.454790      1.546607      1.693816      1.947749
      1.604849      0.197695      1.455759      1.545546      1.688998      1.976954
      1.640280      0.200595      1.456687      1.544533      1.684413      2.005945
      1.675711      0.203473      1.457577      1.543564      1.680046      2.034729
      1.711142      0.206331      1.458431      1.542637      1.675881      2.063310
      1.746573      0.209169      1.459251      1.541748      1.671904      2.091695
      1.782004      0.211989      1.460040      1.540895      1.668103      2.119888
      1.817435      0.214789      1.460799      1.540076      1.664467      2.147895
      1.852866      0.217572      1.461529      1.539290      1.660984      2.175721
      1.888297      0.220337      1.462233      1.538534      1.657646      2.203369
      1.923728      0.223085      1.462911      1.537806      1.654444      2.230846
      1.959159      0.225815      1.463565      1.537106      1.651369      2.258154
      1.994590      0.228530      1.464197      1.536431      1.648414      2.285298
      2.030021      0.231228      1.464807      1.535780      1.645572      2.312282
      2.065452      0.233911      1.465397      1.535151      1.642837      2.339109
      2.100883      0.236578      1.465968      1.534545      1.640203      2.365784
      2.136314      0.239231      1.466519      1.533959      1.637664      2.392308
      2.171745      0.241869      1.467054      1.533393      1.635216      2.418687
      2.207176      0.244492      1.467571      1.532845      1.632853      2.444922
      2.242607      0.247102      1.468072      1.532315      1.630572      2.471018
      2.278038      0.249698      1.468559      1.531801      1.628367      2.496976
      2.313469      0.252280      1.469030      1.531304      1.626236      2.522800
      2.348900      0.254849      1.469488      1.530822      1.624174      2.548493
      2.384331      0.257406      1.469932      1.530355      1.622178      2.574057
      2.419762      0.259949      1.470364      1.529902      1.620246      2.599494
      2.455193      0.262481      1.470783      1.529462      1.618374      2.624808
      2.490624      0.265000      1.471191      1.529035      1.616559      2.650000
      2.526055      0.267507      1.471587      1.528620      1.614799      2.675073
      2.561486      0.270003      1.471973      1.528216      1.613091      2.700029
      2.596917      0.272487      1.472348      1.527824      1.611434      2.724870
      2.632348      0.274960      1.472714      1.527443      1.609824      2.749599
      2.667779      0.277422      1.473069      1.527072      1.608260      2.774216
      2.703210      0.279873      1.473416      1.526711      1.606740      2.798725
      2.738641      0.282313      1.473754      1.526359      1.605262      2.823128
      2.774072      0.284742      1.474084      1.526016      1.603825      2.847425
      2.809503      0.287162      1.474405      1.525683      1.602426      2.871619
      2.844934      0.289571      1.474718      1.525357      1.601064      2.895711
      2.880365      0.291970      1.475024      1.525040      1.599739      2.919704
      2.915796      0.294360      1.475323      1.524731      1.598447      2.943598
      2.951227      0.296740      1.475614      1.524429      1.597189      2.967396
      2.986658      0.299110      1.475899      1.524135      1.595962      2.991099
      3.022089      0.301471      1.476177      1.523847      1.594766      3.014708
      3.057520      0.303823      1.476448      1.523567      1.593599      3.038225
      3.092951      0.306165      1.476714      1.523293      1.592461      3.061652
      3.128382      0.308499      1.476974      1.523025      1.591350      3.084989
      3.163813      0.310824      1.477228      1.522763      1.590265      3.108238
      3.199244      0.313140      1.477476      1.522507      1.589206      3.131401
      3.234675      0.315448      1.477719      1.522257      1.588172      3.154478
      3.270106      0.317747      1.477957      1.522012      1.587161      3.177471
      3.305537      0.320038      1.478190      1.521773      1.586173      3.200382
      3.340968      0.322321      1.478418      1.521539      1.585207      3.223210
      3.376399      0.324596      1.478641      1.521309      1.584263      3.245958
      3.411830      0.326863      1.478860      1.521085      1.583339      3.268627
      3.447261      0.329122      1.479074      1.520865      1.582435      3.291217
      3.482692      0.331373      1.479284      1.520650      1.581551      3.313730
      3.518123      0.333617      1.479490      1.520439      1.580686      3.336167
      3.553554      0.335853      1.479691      1.520233      1.579838      3.358529
      3.588985      0.338082      1.479889      1.520030      1.579009      3.380816
      3.624416      0.340303      1.480083      1.519832      1.578196      3.403030
      3.659847      0.342517      1.480273      1.519637      1.577400      3.425172
      3.695278      0.344724      1.480460      1.519447      1.576620      3.447243
      3.730709      0.346924      1.480643      1.519260      1.575855      3.469243
      3.766140      0.349117      1.480823      1.519076      1.575106      3.491173
      3.801571      0.351304      1.481000      1.518896      1.574371      3.513035
      3.837002      0.353483      1.481173      1.518719      1.573651      3.534829
      3.872433      0.355656      1.481343      1.518546      1.572944      3.556556
      3.907864      0.357822      1.481510      1.518376      1.572251      3.578217
      3.943295      0.359981      1.481674      1.518209      1.571571      3.599813
      3.978726      0.362134      1.481835      1.518045      1.570903      3.621344
      4.014157      0.364281      1.481994      1.517883      1.570248      3.642811
      4.049588      0.366422      1.482149      1.517725      1.569605      3.664215
      4.085019      0.368556      1.482302      1.517570      1.568974      3.685557
      4.120450      0.370684      1.482453      1.517417      1.568354      3.706837
      4.155881      0.372806      1.482601      1.517267      1.567745      3.728057
      4.191312      0.374922      1.482746      1.517119      1.567146      3.749216
      4.226743      0.377032      1.482889      1.516974      1.566558      3.770315
      4.262174      0.379136      1.483030      1.516831      1.565981      3.791356
      4.297605      0.381234      1.483168      1.516691      1.565413      3.812338
      4.333036      0.383326      1.483304      1.516553      1.564855      3.833263
      4.368467      0.385413      1.483438      1.516417      1.564306      3.854131
      4.403898      0.387494      1.483570      1.516284      1.563767      3.874942
      4.439329      0.389570      1.483700      1.516152      1.563237      3.895698
      4.474760      0.391640      1.483827      1.516023      1.562715      3.916399
      4.510191      0.393705      1.483953      1.515896      1.562202      3.937045
      4.545622      0.395764      1.484077      1.515771      1.561697      3.957637
      4.581053      0.397818      1.484199      1.515647      1.561201      3.978176
      4.616484      0.399866      1.484319      1.515526      1.560712      3.998662
      4.651915      0.401910      1.484437      1.515406      1.560231      4.019095
      4.687346      0.403948      1.484553      1.515289      1.559757      4.039477
      4.722777      0.405981      1.484668      1.515173      1.559291      4.059807
      4.758208      0.408009      1.484784      1.515059      1.558833      4.080087
      4.793639      0.410032      1.484905      1.514946      1.558381      4.100316
      4.829070      0.412050      1.485031      1.514836      1.557936      4.120495
      4.864501      0.414063      1.485161      1.514727      1.557498      4.140626
      4.899932      0.416071      1.485296      1.514619      1.557066      4.160707
      4.935363      0.418074      1.485435      1.514513      1.556641      4.180740
      4.970794      0.420073      1.485578      1.514409      1.556222      4.200725
      5.006225      0.422066      1.485726      1.514306      1.555809      4.220663
      5.041656      0.424055      1.485877      1.514204      1.555403      4.240554
      5.077087      0.426040      1.486033      1.514104      1.555002      4.260398
      5.112518      0.428020      1.486192      1.514006      1.554607      4.280196
      5.147949      0.429995      1.486355      1.513908      1.554218      4.299948
      5.183380      0.431966      1.486522      1.513812      1.553834      4.319656
      5.218811      0.433932      1.486692      1.513718      1.553455      4.339318
      5.254242      0.435894      1.486866      1.513624      1.553082      4.358936
      5.289673      0.437851      1.487043      1.513532      1.552714      4.378510
      5.325104      0.439804      1.487223      1.513441      1.552351      4.398040
      5.360535      0.441753      1.487407      1.513352      1.551993      4.417527
      5.395966      0.443697      1.487594      1.513263      1.551640      4.436971
      5.431397      0.445637      1.487783      1.513176      1.551291      4.456372
      5.466828      0.447573      1.487976      1.513090      1.550948      4.475732
      5.502259      0.449505      1.488172      1.513005      1.550608      4.495049
      5.537690      0.451433      1.488371      1.512921      1.550274      4.514325
      5.573121      0.453356      1.488573      1.512838      1.549944      4.533560
      5.608552      0.455275      1.488777      1.512756      1.549618      4.552755
      5.643983      0.457191      1.488984      1.512676      1.549296      4.571909
      5.679414      0.459102      1.489194      1.512596      1.548978      4.591023
      5.714845      0.461010      1.489407      1.512517      1.548665      4.610097
      5.750276      0.462913      1.489622      1.512439      1.548355      4.629132
      5.785707      0.464813      1.489839      1.512362      1.548050      4.648128
      5.821138      0.466708      1.490059      1.512287      1.547748      4.667085
      5.856569      0.468600      1.490281      1.512212      1.547450      4.686003
      5.892000      0.470488      1.490506      1.512138      1.547156      4.704884
      5.927431      0.472373      1.490733      1.512065      1.546865      4.723727
      5.962862      0.474253      1.490962      1.511992      1.546578      4.742532
      5.998293      0.476130      1.491193      1.511921      1.546294      4.761300
      6.033724      0.478003      1.491427      1.511850      1.546014      4.780031
      6.069155      0.479873      1.491663      1.511781      1.545737      4.798725
      6.104586      0.481738      1.491900      1.511712      1.545464      4.817384
      6.140017      0.483601      1.492140      1.511644      1.545193      4.836006
      6.175448      0.485459      1.492382      1.511576      1.544926      4.854592
      6.210879      0.487314      1.492626      1.511510      1.544662      4.873143
      6.246310      0.489166      1.492872      1.511444      1.544402      4.891658
      6.281741      0.491014      1.493119      1.511379      1.544144      4.910139
      6.317172      0.492858      1.493369      1.511315      1.543889      4.928585
      6.352603      0.494700      1.493620      1.511251      1.543637      4.946996
      6.388034      0.496537      1.493874      1.511188      1.543388      4.965373
      6.423465      0.498372      1.494129      1.511126      1.543142      4.983716
      6.458896      0.500203      1.494385      1.511064      1.542898      5.002026
      6.494327      0.502030      1.494644      1.511004      1.542658      5.020302
      6.529758      0.503855      1.494904      1.510944      1.542420      5.038545
      6.565189      0.505675      1.495166      1.510884      1.542184      5.056755
      6.600620      0.507493      1.495429      1.510825      1.541952      5.074932
      6.636051      0.509308      1.495694      1.510767      1.541721      5.093077
      6.671482      0.511119      1.495961      1.510709      1.541494      5.111189
      6.706913      0.512927      1.496229      1.510652      1.541268      5.129270
      6.742344      0.514732      1.496499      1.510596      1.541046      5.147318
      6.777775      0.516534      1.496770      1.510540      1.540825      5.165335
      6.813206      0.518332      1.497043      1.510485      1.540607      5.183321
      6.848637      0.520128      1.497318      1.510430      1.540391      5.201275
      6.884068      0.521920      1.497593      1.510376      1.540178      5.219199
      6.919499      0.523709      1.497871      1.510323      1.539967      5.237092
      6.954930      0.525495      1.498149      1.510270      1.539758      5.254954
      6.990361      0.527279      1.498429      1.510218      1.539551      5.272786
      7.025792      0.529059      1.498711      1.510166      1.539346      5.290588
      7.061223      0.530836      1.498993      1.510114      1.539144      5.308360
      7.096654      0.532610      1.499278      1.510063      1.538943      5.326102
      7.132085      0.534382      1.499563      1.510013      1.538745      5.343815
      7.167516      0.536150      1.499850      1.509963      1.538548      5.361499
      7.202947      0.537915      1.500138      1.509914      1.538354      5.379153
      7.238378      0.539678      1.500427      1.509865      1.538161      5.396778
      7.273809      0.541438      1.500718      1.509817      1.537971      5.414375
      7.309240      0.543194      1.501010      1.509769      1.537782      5.431943
      7.344671      0.544948      1.501303      1.509721      1.537595      5.449483
      7.380102      0.546699      1.501597      1.509674      1.537410      5.466995
      7.415533      0.548448      1.501892      1.509628      1.537227      5.484478
      7.450964      0.550193      1.502189      1.509582      1.537046      5.501934
      7.486395      0.551936      1.502487      1.509536      1.536866      5.519362
      7.521826      0.553676      1.502786      1.509491      1.536688      5.536763
      7.557257      0.555414      1.503086      1.509446      1.536512      5.554136
      7.592688      0.557148      1.503388      1.509402      1.536337      5.571483
      7.628119      0.558880      1.503690      1.509358      1.536164      5.588802
      7.663550      0.560609      1.503994      1.509314      1.535993      5.606095
      7.698981      0.562336      1.504298      1.509271      1.535824      5.623360
      7.734412      0.564060      1.504604      1.509229      1.535656      5.640600
      7.769843      0.565781      1.504911      1.509186      1.535489      5.657813
      7.805274      0.567500      1.505219      1.509144      1.535324      5.675000
      7.840705      0.569216      1.505528      1.509103      1.535161      5.692161
      7.876136      0.570930      1.505838      1.509061      1.534999      5.709296
      7.911567      0.572641      1.506150      1.509021      1.534839      5.726405
      7.946998      0.574349      1.506462      1.508980      1.534680      5.743489
      7.982429      0.576055      1.506775      1.508940      1.534522      5.760548
      8.017860      0.577758      1.507090      1.508900      1.534366      5.777581
      8.053291      0.579459      1.507405      1.508861      1.534212      5.794590
      8.088722      0.581157      1.507721      1.508822      1.534058      5.811573
      8.124153      0.582853      1.508039      1.508783      1.533906      5.828531
      8.159584      0.584547      1.508357      1.508745      1.533756      5.845465
      8.195015      0.586237      1.508676      1.508707      1.533607      5.862375
      8.230446      0.587926      1.508997      1.508669      1.533459      5.879260
      8.265877      0.589612      1.509318      1.508632      1.533312      5.896121
      8.301308      0.591296      1.509640      1.508595      1.533167      5.912958
      8.336739      0.592977      1.509964      1.508558      1.533023      5.929771
      8.372170      0.594656      1.510288      1.508522      1.532880      5.946560
      8.407601      0.596333      1.510613      1.508485      1.532738      5.963325
      8.443032      0.598007      1.510939      1.508450      1.532598      5.980067
      8.478463      0.599679      1.511266      1.508414      1.532459      5.996785
      8.513894      0.601348      1.511594      1.508379      1.532321      6.013481
      8.549325      0.603015      1.511923      1.508344      1.532184      6.030153
      8.584756      0.604680      1.512253      1.508309      1.532048      6.046802
      8.620187      0.606343      1.512584      1.508275      1.531914      6.063428
      8.655618      0.608003      1.512916      1.508241      1.531780      6.080031
      8.691049      0.609661      1.513248      1.508207      1.531648      6.096612
      8.726480      0.611317      1.513582      1.508174      1.531517      6.113170
      8.761911      0.612971      1.513916      1.508140      1.531387      6.129706
      8.797342      0.614622      1.514252      1.508107      1.531258      6.146220
      8.832773      0.616271      1.514588      1.508075      1.531130      6.162711
      8.868204      0.617918      1.514925      1.508042      1.531003      6.179180
      8.903635      0.619563      1.515263      1.508010      1.530877      6.195628
      8.939066      0.621205      1.515602      1.507978      1.530752      6.212053
      8.974497      0.622846      1.515942      1.507947      1.530628      6.228457
      9.009928      0.624484      1.516283      1.507915      1.530505      6.244840
      9.045359      0.626120      1.516624      1.507884      1.530383      6.261201
      9.080790      0.627754      1.516967      1.507853      1.530262      6.277540
      9.116221      0.629386      1.517310      1.507822      1.530142      6.293859
      9.151652      0.631016      1.517654      1.507792      1.530023      6.310156
      9.187083      0.632643      1.517999      1.507762      1.529905      6.326432
      9.222514      0.634269      1.518345      1.507732      1.529788      6.342687
      9.257945      0.635892      1.518692      1.507702      1.529672      6.358922
      9.293376      0.637514      1.519039      1.507673      1.529557      6.375136
      9.328807      0.639133      1.519388      1.507643      1.529442      6.391329
      9.364238      0.640750      1.519737      1.507614      1.529329      6.407501
      9.399669      0.642365      1.520087      1.507585      1.529216      6.423654
      9.435100      0.643979      1.520439      1.507557      1.529104      6.439786
      9.470531      0.645590      1.520790      1.507528      1.528993      6.455898
      9.505962      0.647199      1.521143      1.507500      1.528883      6.471989
      9.541393      0.648806      1.521497      1.507472      1.528774      6.488061
      9.576824      0.650411      1.521851      1.507444      1.528665      6.504113
      9.612255      0.652015      1.522206      1.507417      1.528557      6.520145
      9.647686      0.653616      1.522563      1.507389      1.528451      6.536158
      9.683117      0.655215      1.522920      1.507362      1.528344      6.552151
      9.718548      0.656812      1.523277      1.507335      1.528239      6.568124
      9.753979      0.658408      1.523636      1.507308      1.528135      6.584078
      9.789410      0.660001      1.523995      1.507282      1.528031      6.600013
      9.824841      0.661593      1.524356      1.507256      1.527928      6.615928
      9.860272      0.663182      1.524717      1.507229      1.527826      6.631824
      9.895703      0.664770      1.525079      1.507203      1.527724      6.647702
      9.931134      0.666356      1.525442      1.507177      1.527624      6.663560
      9.966565      0.667940      1.525805      1.507152      1.527524      6.679399
     10.001996      0.669522      1.526170      1.507126      1.527424      6.695220
     10.037427      0.671102      1.526535      1.507101      1.527326      6.711022
     10.072858      0.672681      1.526901      1.507076      1.527228      6.726806
     10.108289      0.674257      1.527268      1.507051      1.527131      6.742571
     10.143720      0.675832      1.527636      1.507026      1.527034      6.758317
     10.179151      0.677405      1.528004      1.507002      1.526938      6.774046
     10.214582      0.678976      1.528374      1.506977      1.526843      6.789756
     10.250013      0.680545      1.528744      1.506953      1.526749      6.805448
     10.285444      0.682112      1.529115      1.506929      1.526655      6.821121
     10.320875      0.683678      1.529487      1.506905      1.526562      6.836777
     10.356306      0.685242      1.529860      1.506881      1.526469      6.852415
     10.391737      0.686804      1.530233      1.506858      1.526378      6.868035
     10.427168      0.688364      1.530607      1.506834      1.526286      6.883638
     10.462599      0.689922      1.530983      1.506811      1.526196      6.899222
     10.498030      0.691479      1.531359      1.506788      1.526106      6.914789
     10.533461      0.693034      1.531736      1.506765      1.526017      6.930339
     10.568892      0.694587      1.532113      1.506742      1.525928      6.945871
     10.604323      0.696139      1.532492      1.506720      1.525840      6.961386
     10.639754      0.697688      1.532871      1.506697      1.525752      6.976884
     10.675185      0.699236      1.533251      1.506675      1.525665      6.992364
     10.710616      0.700783      1.533632      1.506653      1.525579      7.007827
     10.746047      0.702327      1.534014      1.506631      1.525493      7.023273
     10.781478      0.703870      1.534396      1.506609      1.525408      7.038703
     10.816909      0.705411      1.534780      1.506587      1.525323      7.054115
     10.852340      0.706951      1.535164      1.506566      1.525239      7.069510
     10.887771      0.708489      1.535549      1.506544      1.525156      7.084889
     10.923202      0.710025      1.535935      1.506523      1.525073      7.100251
     10.958633      0.711560      1.536322      1.506502      1.524990      7.115597
     10.994064      0.713093      1.536709      1.506481      1.524908      7.130926
     11.029495      0.714624      1.537098      1.506460      1.524827      7.146238
     11.064926      0.716153      1.537487      1.506439      1.524746      7.161535
     11.100357      0.717681      1.537877      1.506418      1.524666      7.176814
     11.135788      0.719208      1.538268      1.506398      1.524586      7.192078
     11.171219      0.720733      1.538660      1.506377      1.524507      7.207325
     11.206650      0.722256      1.539052      1.506357      1.524428      7.222557
     11.242081      0.723777      1.539446      1.506337      1.524350      7.237772
     11.277512      0.725297      1.539840      1.506317      1.524272      7.252971
     11.312943      0.726815      1.540235      1.506297      1.524195      7.268154
     11.348374      0.728332      1.540631      1.506277      1.524118      7.283322
     11.383805      0.729847      1.541027      1.506258      1.524042      7.298474
     11.419236      0.731361      1.541425      1.506238      1.523966      7.313610
     11.454667      0.732873      1.541823      1.506219      1.523891      7.328730
     11.490098      0.734383      1.542223      1.506200      1.523816      7.343835
     11.525529      0.735892      1.542623      1.506180      1.523742      7.358924
     11.560960      0.737400      1.543024      1.506161      1.523668      7.373998
     11.596391      0.738906      1.543425      1.506143      1.523594      7.389056
     11.631822      0.740410      1.543828      1.506124      1.523521      7.404099
     11.667253      0.741913      1.544231      1.506105      1.523449      7.419127
     11.702684      0.743414      1.544636      1.506087      1.523377      7.434140
     11.738115      0.744914      1.545041      1.506068      1.523305      7.449137
     11.773546      0.746412      1.545447      1.506050      1.523234      7.464120
     11.808977      0.747909      1.545853      1.506032      1.523163      7.479087
     11.844408      0.749404      1.546261      1.506013      1.523093      7.494040
     11.879839      0.750898      1.546670      1.505995      1.523023      7.508977
     11.915270      0.752390      1.547079      1.505978      1.522953      7.523900
     11.950701      0.753881      1.547489      1.505960      1.522884      7.538808
     11.986132      0.755370      1.547900      1.505942      1.522816      7.553701
     12.021563      0.756858      1.548312      1.505924      1.522747      7.568579
     12.056994      0.758344      1.548725      1.505907      1.522679      7.583443
     12.092425      0.759829      1.549139      1.505890      1.522612      7.598293
     12.127856      0.761313      1.549553      1.505872      1.522545      7.613127
     12.163287      0.762795      1.549968      1.505855      1.522478      7.627948
     12.198718      0.764275      1.550385      1.505838      1.522412      7.642754
     12.234149      0.765755      1.550802      1.505821      1.522346      7.657546
     12.269580      0.767232      1.551220      1.505804      1.522281      7.672323
     12.305011      0.768709      1.551639      1.505787      1.522216      7.687086
     12.340442      0.770184      1.552058      1.505771      1.522151      7.701835
     12.375873      0.771657      1.552479      1.505754      1.522086      7.716570
     12.411304      0.773129      1.552900      1.505738      1.522022      7.731291
     12.446735      0.774600      1.553322      1.505721      1.521959      7.745998
     12.482166      0.776069      1.553746      1.505705      1.521896      7.760691
     12.517597      0.777537      1.554170      1.505689      1.521833      7.775370
     12.553028      0.779004      1.554594      1.505673      1.521770      7.790035
     12.588459      0.780469      1.555020      1.505657      1.521708      7.804686
     12.623890      0.781932      1.555447      1.505641      1.521646      7.819324
     12.659321      0.783395      1.555874      1.505625      1.521585      7.833948
     12.694752      0.784856      1.556303      1.505609      1.521524      7.848558
     12.730183      0.786316      1.556732      1.505593      1.521463      7.863155
     12.765614      0.787774      1.557162      1.505578      1.521402      7.877738
     12.801045      0.789231      1.557593      1.505562      1.521342      7.892308
     12.836476      0.790686      1.558025      1.505547      1.521283      7.906864
     12.871907      0.792141      1.558458      1.505532      1.521223      7.921407
     12.907338      0.793594      1.558892      1.505516      1.521164      7.935937
     12.942769      0.795045      1.559327      1.505501      1.521105      7.950453
     12.978200      0.796496      1.559762      1.505486      1.521047      7.964956
     13.013631      0.797945      1.560198      1.505471      1.520989      7.979446
     13.049062      0.799392      1.560636      1.505456      1.520931      7.993923
     13.084493      0.800839      1.561074      1.505441      1.520874      8.008386
     13.119924      0.802284      1.561513      1.505427      1.520816      8.022837
     13.155355      0.803727      1.561953      1.505412      1.520760      8.037274
     13.190786      0.805170      1.562394      1.505397      1.520703      8.051699
     13.226217      0.806611      1.562836      1.505383      1.520647      8.066111
     13.261648      0.808051      1.563279      1.505368      1.520591      8.080509
     13.297079      0.809490      1.563722      1.505354      1.520535      8.094895
     13.332510      0.810927      1.564167      1.505340      1.520480      8.109269
     13.367941      0.812363      1.564612      1.505326      1.520425      8.123629
     13.403372      0.813798      1.565059      1.505312      1.520370      8.137977
     13.438803      0.815231      1.565506      1.505297      1.520316      8.152312
     13.474234      0.816663      1.565954      1.505283      1.520262      8.166635
     13.509665      0.818094      1.566403      1.505270      1.520208      8.180945
     13.545096      0.819524      1.566853      1.505256      1.520154      8.195242
     13.580527      0.820953      1.567304      1.505242      1.520101      8.209528
     13.615958      0.822380      1.567756      1.505228      1.520048      8.223800
     13.651389      0.823806      1.568209      1.505215      1.519995      8.238060
     13.686820      0.825231      1.568663      1.505201      1.519943      8.252308
     13.722251      0.826654      1.569117      1.505188      1.519891      8.266544
     13.757682      0.828077      1.569573      1.505174      1.519839      8.280767
     13.793113      0.829498      1.570029      1.505161      1.519787      8.294979
     13.828544      0.830918      1.570487      1.505148      1.519736      8.309178
     13.863975      0.832336      1.570945      1.505134      1.519685      8.323365
     13.899406      0.833754      1.571404      1.505121      1.519634      8.337540
     13.934837      0.835170      1.571865      1.505108      1.519583      8.351702
     13.970268      0.836585      1.572326      1.505095      1.519533      8.365853
     14.005699      0.837999      1.572788      1.505082      1.519483      8.379992
     14.041130      0.839412      1.573251      1.505069      1.519433      8.394119
     14.076561      0.840823      1.573715      1.505057      1.519384      8.408234
     14.111992      0.842234      1.574180      1.505044      1.519334      8.422337
     14.147423      0.843643      1.574646      1.505031      1.519285      8.436429
     14.182854      0.845051      1.575113      1.505019      1.519236      8.450508
     14.218285      0.846458      1.575581      1.505006      1.519188      8.464576
     14.253716      0.847863      1.576050      1.504994      1.519140      8.478633
     14.289147      0.849268      1.576519      1.504981      1.519091      8.492677
     14.324578      0.850671      1.576990      1.504969      1.519044      8.506710
     14.360009      0.852073      1.577462      1.504957      1.518996      8.520732
     14.395440      0.853474      1.577934      1.504944      1.518949      8.534742
     14.430871      0.854874      1.578408      1.504932      1.518902      8.548740
     14.466302      0.856273      1.578883      1.504920      1.518855      8.562727
     14.501733      0.857670      1.579358      1.504908      1.518808      8.576703
     14.537164      0.859067      1.579835      1.504896      1.518762      8.590667
     14.572595      0.860462      1.580312      1.504884      1.518716      8.604620
     14.608026      0.861856      1.580791      1.504872      1.518670      8.618561
     14.643457      0.863249      1.581270      1.504860      1.518624      8.632491
     14.678888      0.864641      1.581750      1.504848      1.518578      8.646411
     14.714319      0.866032      1.582232      1.504837      1.518533      8.660318
     14.749750      0.867422      1.582714      1.504825      1.518488      8.674215
     14.785181      0.868810      1.583198      1.504814      1.518443      8.688101
     14.820612      0.870198      1.583682      1.504802      1.518398      8.701975
     14.856043      0.871584      1.584167      1.504790      1.518354      8.715839
     14.891474      0.872969      1.584654      1.504779      1.518310      8.729691
     14.926905      0.874353      1.585141      1.504768      1.518266      8.743532
     14.962336      0.875736      1.585629      1.504756      1.518222      8.757363
     14.997767      0.877118      1.586118      1.504745      1.518179      8.771183
     15.033198      0.878499      1.586609      1.504734      1.518135      8.784991
     15.068629      0.879879      1.587100      1.504723      1.518092      8.798789
     15.104060      0.881258      1.587592      1.504712      1.518049      8.812576
     15.139491      0.882635      1.588086      1.504701      1.518006      8.826352
     15.174922      0.884012      1.588580      1.504689      1.517964      8.840118
     15.210353      0.885387      1.589075      1.504679      1.517921      8.853873
     15.245784      0.886762      1.589572      1.504668      1.517879      8.867617
     15.281215      0.888135      1.590069      1.504657      1.517837      8.881350
     15.316646      0.889507      1.590567      1.504646      1.517796      8.895073
     15.352077      0.890879      1.591067      1.504635      1.517754      8.908786
     15.387508      0.892249      1.591567      1.504625      1.517713      8.922487
     15.422939      0.893618      1.592068      1.504614      1.517671      8.936179
     15.458370      0.894986      1.592571      1.504603      1.517630      8.949859
     15.493801      0.896353      1.593074      1.504593      1.517590      8.963530
     15.529232      0.897719      1.593579      1.504582      1.517549      8.977190
     15.564663      0.899084      1.594084      1.504572      1.517509      8.990839
     15.600094      0.900448      1.594590      1.504561      1.517468      9.004478
     15.635525      0.901811      1.595098      1.504551      1.517428      9.018107
     15.670956      0.903173      1.595607      1.504541      1.517389      9.031726
     15.706387      0.904533      1.596116      1.504530      1.517349      9.045334
     15.741818      0.905893      1.596627      1.504520      1.517309      9.058932
     15.777249      0.907252      1.597138      1.504510      1.517270      9.072520
     15.812680      0.908610      1.597651      1.504500      1.517231      9.086098
     15.848111      0.909967      1.598165      1.504490      1.517192      9.099665
     15.883542      0.911322      1.598680      1.504480      1.517153      9.113223
     15.918973      0.912677      1.599195      1.504470      1.517115      9.126770
     15.954404      0.914031      1.599712      1.504460      1.517076      9.140307
     15.989835      0.915383      1.600230      1.504450      1.517038      9.153835
     16.025266      0.916735      1.600749      1.504440      1.517000      9.167352
     16.060697      0.918086      1.601269      1.504430      1.516962      9.180859
     16.096128      0.919436      1.601790      1.504420      1.516924      9.194357
     16.131559      0.920784      1.602312      1.504411      1.516886      9.207844
     16.166990      0.922132      1.602836      1.504401      1.516849      9.221322
     16.202421      0.923479      1.603360      1.504391      1.516812      9.234790
     16.237852      0.924825      1.603885      1.504382      1.516775      9.248248
     16.273283      0.926170      1.604412      1.504372      1.516738      9.261696
     16.308714      0.927513      1.604939      1.504363      1.516701      9.275135
     16.344145      0.928856      1.605467      1.504353      1.516664      9.288563
     16.379576      0.930198      1.605997      1.504344      1.516628      9.301982
     16.415007      0.931539      1.606528      1.504334      1.516592      9.315392
     16.450438      0.932879      1.607059      1.504325      1.516556      9.328792
     16.485869      0.934218      1.607592      1.504316      1.516520      9.342182
     16.521300      0.935556      1.608126      1.504306      1.516484      9.355562
     16.556731      0.936893      1.608661      1.504297      1.516448      9.368933
     16.592162      0.938229      1.609197      1.504288      1.516413      9.382295
     16.627593      0.939565      1.609734      1.504279      1.516377      9.395647
     16.663024      0.940899      1.610272      1.504270      1.516342      9.408989
     16.698455      0.942232      1.610812      1.504260      1.516307      9.422322
     16.733886      0.943565      1.611352      1.504251      1.516272      9.435646
     16.769317      0.944896      1.611894      1.504242      1.516237      9.448960
     16.804748      0.946226      1.612436      1.504233      1.516203      9.462264
     16.840179      0.947556      1.612980      1.504224      1.516168      9.475560
     16.875610      0.948885      1.613524      1.504216      1.516134      9.488846
     16.911041      0.950212      1.614070      1.504207      1.516100      9.502123
     16.946472      0.951539      1.614617      1.504198      1.516066      9.515390
     16.981903      0.952865      1.615165      1.504189      1.516032      9.528649
     17.017334      0.954190      1.615715      1.504180      1.515998      9.541898
     17.052765      0.955514      1.616265      1.504172      1.515965      9.555138
     17.088196      0.956837      1.616816      1.504163      1.515931      9.568368
     17.123627      0.958159      1.617369      1.504154      1.515898      9.581590
     17.159058      0.959480      1.617922      1.504146      1.515865      9.594803
     17.194489      0.960801      1.618477      1.504137      1.515832      9.608006
     17.229920      0.962120      1.619033      1.504129      1.515799      9.621200
     17.265351      0.963439      1.619590      1.504120      1.515766      9.634386
     17.300782      0.964756      1.620148      1.504112      1.515733      9.647562
     17.336213      0.966073      1.620707      1.504103      1.515701      9.660729
     17.371644      0.967389      1.621267      1.504095      1.515668      9.673887
     17.407075      0.968704      1.621829      1.504087      1.515636      9.687037
     17.442506      0.970018      1.622391      1.504078      1.515604      9.700177
     17.477937      0.971331      1.622955      1.504070      1.515572      9.713309
     17.513368      0.972643      1.623520      1.504062      1.515540      9.726431
     17.548799      0.973955      1.624086      1.504053      1.515509      9.739545
     17.584230      0.975265      1.624653      1.504045      1.515477      9.752650
     17.619661      0.976575      1.625221      1.504037      1.515446      9.765746
     17.655092      0.977883      1.625790      1.504029      1.515414      9.778834
     17.690523      0.979191      1.626361      1.504021      1.515383      9.791913
     17.725954      0.980498      1.626933      1.504013      1.515352      9.804983
     17.761385      0.981804      1.627505      1.504005      1.515321      9.818044
     17.796816      0.983110      1.628079      1.503997      1.515290      9.831096
     17.832247      0.984414      1.628654      1.503989      1.515260      9.844140
     17.867678      0.985718      1.629231      1.503981      1.515229      9.857176
     17.903109      0.987020      1.629808      1.503973      1.515199      9.870202
     17.938540      0.988322      1.630387      1.503965      1.515168      9.883220
     17.973971      0.989623      1.630966      1.503957      1.515138      9.896230
     18.009402      0.990923      1.631547      1.503949      1.515108      9.909231
     18.044833      0.992222      1.632129      1.503942      1.515078      9.922223
     18.080264      0.993521      1.632712      1.503934      1.515048      9.935207
     18.115695      0.994818      1.633297      1.503926      1.515018      9.948183
     18.151126      0.996115      1.633882      1.503919      1.514989      9.961150
     18.186557      0.997411      1.634469      1.503911      1.514959      9.974108
     18.221988      0.998706      1.635057      1.503903      1.514930      9.987058
     18.257419      1.000000      1.635646      1.503896      1.514901     10.000000
