  Omega0      e0        e1        e2       e11       e22       e33        ai      delta0  
   1.00000   1.00000   0.80000   0.60000   0.00000   0.00000   0.00000   0.10000  -0.90000
      Tau        exp. factor        v1             v2             v3         exp. ratio   
      0.577350      0.100000      1.455982      1.754307      2.400955      1.000000
      0.612781      0.104050      1.458456      1.737277      2.320371      1.040505
      0.648212      0.108024      1.460667      1.722385      2.253019      1.080236
      0.683643      0.111925      1.462655      1.709251      2.195888      1.119249
      0.719074      0.115759      1.464452      1.697583      2.146813      1.157594
      0.754505      0.119531      1.466083      1.687147      2.104205      1.195314
      0.789936      0.123245      1.467572      1.677758      2.066863      1.232448
      0.825367      0.126903      1.468935      1.669266      2.033868      1.269030
      0.860798      0.130509      1.470188      1.661549      2.004503      1.305093
      0.896229      0.134066      1.471344      1.654504      1.978200      1.340664
      0.931660      0.137577      1.472414      1.648049      1.954504      1.375769
      0.967091      0.141043      1.473407      1.642111      1.933045      1.410432
      1.002522      0.144467      1.474330      1.636631      1.913521      1.444674
      1.037953      0.147851      1.475192      1.631558      1.895682      1.478515
      1.073384      0.151197      1.475998      1.626848      1.879318      1.511973
      1.108815      0.154506      1.476753      1.622464      1.864254      1.545064
      1.144246      0.157781      1.477462      1.618372      1.850341      1.577805
      1.179677      0.161021      1.478129      1.614546      1.837451      1.610210
      1.215108      0.164229      1.478758      1.610959      1.825477      1.642292
      1.250539      0.167406      1.479351      1.607589      1.814323      1.674064
      1.285970      0.170554      1.479913      1.604419      1.803908      1.705537
      1.321401      0.173672      1.480444      1.601430      1.794161      1.736722
      1.356832      0.176763      1.480948      1.598607      1.785020      1.767629
      1.392263      0.179827      1.481427      1.595937      1.776430      1.798269
      1.427694      0.182865      1.481883      1.593408      1.768343      1.828650
      1.463125      0.185878      1.482316      1.591009      1.760715      1.858780
      1.498556      0.188867      1.482729      1.588730      1.753509      1.888669
      1.533987      0.191832      1.483124      1.586562      1.746691      1.918322
      1.569418      0.194775      1.483501      1.584498      1.740229      1.947749
      1.604849      0.197695      1.483861      1.582530      1.734098      1.976954
      1.640280      0.200595      1.484206      1.580651      1.728272      2.005945
      1.675711      0.203473      1.484536      1.578856      1.722729      2.034729
      1.711142      0.206331      1.484853      1.577139      1.717448      2.063310
      1.746573      0.209169      1.485158      1.575496      1.712413      2.091695
      1.782004      0.211989      1.485450      1.573921      1.707605      2.119888
      1.817435      0.214789      1.485731      1.572410      1.703010      2.147895
      1.852866      0.217572      1.486001      1.570960      1.698614      2.175721
      1.888297      0.220337      1.486261      1.569567      1.694404      2.203369
      1.923728      0.223085      1.486512      1.568227      1.690369      2.230846
      1.959159      0.225815      1.486754      1.566938      1.686498      2.258154
      1.994590      0.228530      1.486987      1.565697      1.682782      2.285298
      2.030021      0.231228      1.487212      1.564501      1.679210      2.312282
      2.065452      0.233911      1.487430      1.563348      1.675776      2.339109
      2.100883      0.236578      1.487640      1.562235      1.672471      2.365784
      2.136314      0.239231      1.487843      1.561161      1.669287      2.392308
      2.171745      0.241869      1.488040      1.560123      1.666219      2.418687
      2.207176      0.244492      1.488231      1.559120      1.663261      2.444922
      2.242607      0.247102      1.488415      1.558150      1.660406      2.471018
      2.278038      0.249698      1.488594      1.557211      1.657649      2.496976
      2.313469      0.252280      1.488767      1.556302      1.654985      2.522800
      2.348900      0.254849      1.488936      1.555421      1.652409      2.548493
      2.384331      0.257406      1.489099      1.554568      1.649918      2.574057
      2.419762      0.259949      1.489257      1.553740      1.647507      2.599494
      2.455193      0.262481      1.489411      1.552937      1.645172      2.624808
      2.490624      0.265000      1.489561      1.552158      1.642911      2.650000
      2.526055      0.267507      1.489706      1.551401      1.640718      2.675073
      2.561486      0.270003      1.489848      1.550666      1.638592      2.700029
      2.596917      0.272487      1.489985      1.549952      1.636529      2.724870
      2.632348      0.274960      1.490119      1.549257      1.634526      2.749599
      2.667779      0.277422      1.490249      1.548582      1.632582      2.774216
      2.703210      0.279873      1.490376      1.547925      1.630693      2.798725
      2.738641      0.282313      1.490500      1.547285      1.628856      2.823128
      2.774072      0.284742      1.490621      1.546663      1.627071      2.847425
      2.809503      0.287162      1.490738      1.546056      1.625335      2.871619
      2.844934      0.289571      1.490853      1.545465      1.623645      2.895711
      2.880365      0.291970      1.490965      1.544889      1.622001      2.919704
      2.915796      0.294360      1.491074      1.544328      1.620399      2.943598
      2.951227      0.296740      1.491180      1.543780      1.618839      2.967396
      2.986658      0.299110      1.491284      1.543246      1.617319      2.991099
      3.022089      0.301471      1.491386      1.542724      1.615837      3.014708
      3.057520      0.303823      1.491485      1.542215      1.614393      3.038225
      3.092951      0.306165      1.491582      1.541718      1.612984      3.061652
      3.128382      0.308499      1.491677      1.541233      1.611609      3.084989
      3.163813      0.310824      1.491770      1.540758      1.610267      3.108238
      3.199244      0.313140      1.491860      1.540295      1.608957      3.131401
      3.234675      0.315448      1.491949      1.539842      1.607678      3.154478
      3.270106      0.317747      1.492036      1.539399      1.606429      3.177471
      3.305537      0.320038      1.492121      1.538965      1.605208      3.200382
      3.340968      0.322321      1.492204      1.538542      1.604015      3.223210
      3.376399      0.324596      1.492285      1.538127      1.602848      3.245958
      3.411830      0.326863      1.492365      1.537721      1.601708      3.268627
      3.447261      0.329122      1.492443      1.537324      1.600592      3.291217
      3.482692      0.331373      1.492520      1.536934      1.599501      3.313730
      3.518123      0.333617      1.492595      1.536553      1.598433      3.336167
      3.553554      0.335853      1.492668      1.536180      1.597388      3.358529
      3.588985      0.338082      1.492740      1.535814      1.596365      3.380816
      3.624416      0.340303      1.492811      1.535456      1.595363      3.403030
      3.659847      0.342517      1.492880      1.535105      1.594382      3.425172
      3.695278      0.344724      1.492948      1.534760      1.593420      3.447243
      3.730709      0.346924      1.493015      1.534423      1.592478      3.469243
      3.766140      0.349117      1.493080      1.534092      1.591555      3.491173
      3.801571      0.351304      1.493144      1.533767      1.590650      3.513035
      3.837002      0.353483      1.493207      1.533448      1.589763      3.534829
      3.872433      0.355656      1.493269      1.533135      1.588893      3.556556
      3.907864      0.357822      1.493330      1.532828      1.588040      3.578217
      3.943295      0.359981      1.493390      1.532527      1.587203      3.599813
      3.978726      0.362134      1.493448      1.532231      1.586382      3.621344
      4.014157      0.364281      1.493506      1.531940      1.585576      3.642811
      4.049588      0.366422      1.493562      1.531655      1.584785      3.664215
      4.085019      0.368556      1.493618      1.531375      1.584008      3.685557
      4.120450      0.370684      1.493673      1.531099      1.583246      3.706837
      4.155881      0.372806      1.493726      1.530829      1.582497      3.728057
      4.191312      0.374922      1.493779      1.530563      1.581762      3.749216
      4.226743      0.377032      1.493831      1.530301      1.581039      3.770315
      4.262174      0.379136      1.493882      1.530044      1.580329      3.791356
      4.297605      0.381234      1.493932      1.529792      1.579632      3.812338
      4.333036      0.383326      1.493982      1.529543      1.578947      3.833263
      4.368467      0.385413      1.494030      1.529299      1.578273      3.854131
      4.403898      0.387494      1.494078      1.529059      1.577611      3.874942
      4.439329      0.389570      1.494126      1.528822      1.576959      3.895698
      4.474760      0.391640      1.494177      1.528590      1.576319      3.916399
      4.510191      0.393705      1.494232      1.528361      1.575689      3.937045
      4.545622      0.395764      1.494292      1.528136      1.575070      3.957637
      4.581053      0.397818      1.494356      1.527914      1.574460      3.978176
      4.616484      0.399866      1.494424      1.527696      1.573861      3.998662
      4.651915      0.401910      1.494497      1.527481      1.573271      4.019095
      4.687346      0.403948      1.494573      1.527270      1.572690      4.039477
      4.722777      0.405981      1.494654      1.527061      1.572118      4.059807
      4.758208      0.408009      1.494738      1.526856      1.571556      4.080087
      4.793639      0.410032      1.494826      1.526654      1.571002      4.100316
      4.829070      0.412050      1.494917      1.526455      1.570456      4.120495
      4.864501      0.414063      1.495012      1.526259      1.569919      4.140626
      4.899932      0.416071      1.495110      1.526066      1.569390      4.160707
      4.935363      0.418074      1.495212      1.525876      1.568869      4.180740
      4.970794      0.420073      1.495316      1.525688      1.568356      4.200725
      5.006225      0.422066      1.495424      1.525503      1.567850      4.220663
      5.041656      0.424055      1.495535      1.525321      1.567352      4.240554
      5.077087      0.426040      1.495649      1.525141      1.566861      4.260398
      5.112518      0.428020      1.495766      1.524964      1.566377      4.280196
      5.147949      0.429995      1.495886      1.524789      1.565900      4.299948
      5.183380      0.431966      1.496008      1.524617      1.565430      4.319656
      5.218811      0.433932      1.496133      1.524447      1.564967      4.339318
      5.254242      0.435894      1.496261      1.524280      1.564510      4.358936
      5.289673      0.437851      1.496392      1.524115      1.564059      4.378510
      5.325104      0.439804      1.496524      1.523952      1.563615      4.398040
      5.360535      0.441753      1.496660      1.523791      1.563177      4.417527
      5.395966      0.443697      1.496798      1.523632      1.562745      4.436971
      5.431397      0.445637      1.496938      1.523476      1.562318      4.456372
      5.466828      0.447573      1.497080      1.523321      1.561898      4.475732
      5.502259      0.449505      1.497225      1.523169      1.561483      4.495049
      5.537690      0.451433      1.497372      1.523018      1.561074      4.514325
      5.573121      0.453356      1.497521      1.522869      1.560670      4.533560
      5.608552      0.455275      1.497672      1.522723      1.560271      4.552755
      5.643983      0.457191      1.497825      1.522578      1.559877      4.571909
      5.679414      0.459102      1.497981      1.522435      1.559489      4.591023
      5.714845      0.461010      1.498138      1.522294      1.559106      4.610097
      5.750276      0.462913      1.498297      1.522154      1.558727      4.629132
      5.785707      0.464813      1.498458      1.522017      1.558354      4.648128
      5.821138      0.466708      1.498621      1.521881      1.557985      4.667085
      5.856569      0.468600      1.498786      1.521747      1.557620      4.686003
      5.892000      0.470488      1.498953      1.521614      1.557261      4.704884
      5.927431      0.472373      1.499121      1.521483      1.556905      4.723727
      5.962862      0.474253      1.499291      1.521353      1.556555      4.742532
      5.998293      0.476130      1.499463      1.521225      1.556208      4.761300
      6.033724      0.478003      1.499637      1.521099      1.555866      4.780031
      6.069155      0.479873      1.499812      1.520974      1.555527      4.798725
      6.104586      0.481738      1.499989      1.520851      1.555193      4.817384
      6.140017      0.483601      1.500167      1.520729      1.554863      4.836006
      6.175448      0.485459      1.500347      1.520608      1.554537      4.854592
      6.210879      0.487314      1.500529      1.520489      1.554215      4.873143
      6.246310      0.489166      1.500712      1.520371      1.553896      4.891658
      6.281741      0.491014      1.500897      1.520255      1.553581      4.910139
      6.317172      0.492858      1.501083      1.520140      1.553270      4.928585
      6.352603      0.494700      1.501270      1.520026      1.552962      4.946996
      6.388034      0.496537      1.501459      1.519913      1.552658      4.965373
      6.423465      0.498372      1.501649      1.519802      1.552358      4.983716
      6.458896      0.500203      1.501841      1.519692      1.552061      5.002026
      6.494327      0.502030      1.502034      1.519583      1.551767      5.020302
      6.529758      0.503855      1.502229      1.519475      1.551476      5.038545
      6.565189      0.505675      1.502424      1.519369      1.551189      5.056755
      6.600620      0.507493      1.502622      1.519264      1.550905      5.074932
      6.636051      0.509308      1.502820      1.519160      1.550624      5.093077
      6.671482      0.511119      1.503020      1.519057      1.550346      5.111189
      6.706913      0.512927      1.503221      1.518955      1.550071      5.129270
      6.742344      0.514732      1.503423      1.518854      1.549799      5.147318
      6.777775      0.516534      1.503626      1.518754      1.549530      5.165335
      6.813206      0.518332      1.503831      1.518655      1.549264      5.183321
      6.848637      0.520128      1.504037      1.518557      1.549001      5.201275
      6.884068      0.521920      1.504244      1.518461      1.548741      5.219199
      6.919499      0.523709      1.504452      1.518365      1.548483      5.237092
      6.954930      0.525495      1.504661      1.518270      1.548228      5.254954
      6.990361      0.527279      1.504872      1.518177      1.547976      5.272786
      7.025792      0.529059      1.505084      1.518084      1.547726      5.290588
      7.061223      0.530836      1.505297      1.517992      1.547479      5.308360
      7.096654      0.532610      1.505511      1.517901      1.547235      5.326102
      7.132085      0.534382      1.505726      1.517811      1.546993      5.343815
      7.167516      0.536150      1.505942      1.517722      1.546753      5.361499
      7.202947      0.537915      1.506159      1.517634      1.546516      5.379153
      7.238378      0.539678      1.506378      1.517547      1.546281      5.396778
      7.273809      0.541438      1.506597      1.517460      1.546049      5.414375
      7.309240      0.543194      1.506818      1.517375      1.545819      5.431943
      7.344671      0.544948      1.507039      1.517290      1.545591      5.449483
      7.380102      0.546699      1.507262      1.517206      1.545366      5.466995
      7.415533      0.548448      1.507486      1.517123      1.545142      5.484478
      7.450964      0.550193      1.507710      1.517040      1.544921      5.501934
      7.486395      0.551936      1.507936      1.516959      1.544702      5.519362
      7.521826      0.553676      1.508163      1.516878      1.544486      5.536763
      7.557257      0.555414      1.508391      1.516798      1.544271      5.554136
      7.592688      0.557148      1.508619      1.516719      1.544058      5.571483
      7.628119      0.558880      1.508849      1.516640      1.543848      5.588802
      7.663550      0.560609      1.509080      1.516562      1.543639      5.606095
      7.698981      0.562336      1.509312      1.516485      1.543432      5.623360
      7.734412      0.564060      1.509545      1.516409      1.543228      5.640600
      7.769843      0.565781      1.509778      1.516333      1.543025      5.657813
      7.805274      0.567500      1.510013      1.516258      1.542824      5.675000
      7.840705      0.569216      1.510249      1.516184      1.542625      5.692161
      7.876136      0.570930      1.510486      1.516111      1.542428      5.709296
      7.911567      0.572641      1.510723      1.516038      1.542232      5.726405
      7.946998      0.574349      1.510962      1.515965      1.542039      5.743489
      7.982429      0.576055      1.511201      1.515894      1.541847      5.760548
      8.017860      0.577758      1.511442      1.515823      1.541657      5.777581
      8.053291      0.579459      1.511683      1.515752      1.541469      5.794590
      8.088722      0.581157      1.511926      1.515683      1.541282      5.811573
      8.124153      0.582853      1.512169      1.515614      1.541097      5.828531
      8.159584      0.584547      1.512413      1.515545      1.540914      5.845465
      8.195015      0.586237      1.512659      1.515477      1.540732      5.862375
      8.230446      0.587926      1.512905      1.515410      1.540552      5.879260
      8.265877      0.589612      1.513152      1.515343      1.540373      5.896121
      8.301308      0.591296      1.513400      1.515277      1.540196      5.912958
      8.336739      0.592977      1.513649      1.515211      1.540021      5.929771
      8.372170      0.594656      1.513899      1.515146      1.539847      5.946560
      8.407601      0.596333      1.514150      1.515082      1.539675      5.963325
      8.443032      0.598007      1.514401      1.515018      1.539504      5.980067
      8.478463      0.599679      1.514654      1.514955      1.539335      5.996785
      8.513894      0.601348      1.514908      1.514892      1.539167      6.013481
      8.549325      0.603015      1.515162      1.514829      1.539000      6.030153
      8.584756      0.604680      1.515418      1.514768      1.538835      6.046802
      8.620187      0.606343      1.515674      1.514706      1.538671      6.063428
      8.655618      0.608003      1.515931      1.514646      1.538509      6.080031
      8.691049      0.609661      1.516189      1.514585      1.538348      6.096612
      8.726480      0.611317      1.516448      1.514525      1.538188      6.113170
      8.761911      0.612971      1.516708      1.514466      1.538030      6.129706
      8.797342      0.614622      1.516969      1.514407      1.537873      6.146220
      8.832773      0.616271      1.517231      1.514349      1.537717      6.162711
      8.868204      0.617918      1.517494      1.514291      1.537563      6.179180
      8.903635      0.619563      1.517757      1.514234      1.537409      6.195628
      8.939066      0.621205      1.518022      1.514177      1.537257      6.212053
      8.974497      0.622846      1.518287      1.514120      1.537107      6.228457
      9.009928      0.624484      1.518553      1.514064      1.536957      6.244840
      9.045359      0.626120      1.518821      1.514009      1.536809      6.261201
      9.080790      0.627754      1.519089      1.513953      1.536662      6.277540
      9.116221      0.629386      1.519358      1.513899      1.536516      6.293859
      9.151652      0.631016      1.519628      1.513844      1.536371      6.310156
      9.187083      0.632643      1.519899      1.513790      1.536227      6.326432
      9.222514      0.634269      1.520170      1.513737      1.536085      6.342687
      9.257945      0.635892      1.520443      1.513684      1.535943      6.358922
      9.293376      0.637514      1.520717      1.513631      1.535803      6.375136
      9.328807      0.639133      1.520991      1.513579      1.535664      6.391329
      9.364238      0.640750      1.521267      1.513527      1.535526      6.407501
      9.399669      0.642365      1.521543      1.513476      1.535389      6.423654
      9.435100      0.643979      1.521820      1.513425      1.535253      6.439786
      9.470531      0.645590      1.522098      1.513374      1.535118      6.455898
      9.505962      0.647199      1.522377      1.513324      1.534984      6.471989
      9.541393      0.648806      1.522657      1.513274      1.534851      6.488061
      9.576824      0.650411      1.522938      1.513224      1.534719      6.504113
      9.612255      0.652015      1.523220      1.513175      1.534588      6.520145
      9.647686      0.653616      1.523503      1.513126      1.534458      6.536158
      9.683117      0.655215      1.523786      1.513078      1.534329      6.552151
      9.718548      0.656812      1.524071      1.513030      1.534201      6.568124
      9.753979      0.658408      1.524356      1.512982      1.534074      6.584078
      9.789410      0.660001      1.524643      1.512935      1.533948      6.600013
      9.824841      0.661593      1.524930      1.512888      1.533823      6.615928
      9.860272      0.663182      1.525218      1.512841      1.533698      6.631824
      9.895703      0.664770      1.525508      1.512795      1.533575      6.647702
      9.931134      0.666356      1.525798      1.512749      1.533453      6.663560
      9.966565      0.667940      1.526089      1.512703      1.533331      6.679399
     10.001996      0.669522      1.526381      1.512657      1.533210      6.695220
     10.037427      0.671102      1.526674      1.512612      1.533091      6.711022
     10.072858      0.672681      1.526968      1.512568      1.532972      6.726806
     10.108289      0.674257      1.527262      1.512523      1.532853      6.742571
     10.143720      0.675832      1.527558      1.512479      1.532736      6.758317
     10.179151      0.677405      1.527855      1.512435      1.532620      6.774046
     10.214582      0.678976      1.528153      1.512392      1.532504      6.789756
     10.250013      0.680545      1.528451      1.512349      1.532389      6.805448
     10.285444      0.682112      1.528751      1.512306      1.532275      6.821121
     10.320875      0.683678      1.529051      1.512263      1.532162      6.836777
     10.356306      0.685242      1.529353      1.512221      1.532050      6.852415
     10.391737      0.686804      1.529655      1.512179      1.531938      6.868035
     10.427168      0.688364      1.529958      1.512137      1.531827      6.883638
     10.462599      0.689922      1.530263      1.512096      1.531717      6.899222
     10.498030      0.691479      1.530568      1.512055      1.531608      6.914789
     10.533461      0.693034      1.530874      1.512014      1.531500      6.930339
     10.568892      0.694587      1.531181      1.511973      1.531392      6.945871
     10.604323      0.696139      1.531489      1.511933      1.531285      6.961386
     10.639754      0.697688      1.531799      1.511893      1.531178      6.976884
     10.675185      0.699236      1.532109      1.511853      1.531073      6.992364
     10.710616      0.700783      1.532420      1.511813      1.530968      7.007827
     10.746047      0.702327      1.532732      1.511774      1.530864      7.023273
     10.781478      0.703870      1.533045      1.511735      1.530760      7.038703
     10.816909      0.705411      1.533359      1.511696      1.530657      7.054115
     10.852340      0.706951      1.533674      1.511658      1.530555      7.069510
     10.887771      0.708489      1.533990      1.511620      1.530454      7.084889
     10.923202      0.710025      1.534307      1.511582      1.530353      7.100251
     10.958633      0.711560      1.534625      1.511544      1.530253      7.115597
     10.994064      0.713093      1.534944      1.511507      1.530153      7.130926
     11.029495      0.714624      1.535264      1.511469      1.530055      7.146238
     11.064926      0.716153      1.535585      1.511432      1.529956      7.161535
     11.100357      0.717681      1.535907      1.511395      1.529859      7.176814
     11.135788      0.719208      1.536230      1.511359      1.529762      7.192078
     11.171219      0.720733      1.536554      1.511323      1.529666      7.207325
     11.206650      0.722256      1.536879      1.511287      1.529570      7.222557
     11.242081      0.723777      1.537205      1.511251      1.529475      7.237772
     11.277512      0.725297      1.537532      1.511215      1.529381      7.252971
     11.312943      0.726815      1.537860      1.511180      1.529287      7.268154
     11.348374      0.728332      1.538189      1.511145      1.529194      7.283322
     11.383805      0.729847      1.538519      1.511110      1.529101      7.298474
     11.419236      0.731361      1.538850      1.511075      1.529009      7.313610
     11.454667      0.732873      1.539183      1.511040      1.528917      7.328730
     11.490098      0.734383      1.539516      1.511006      1.528827      7.343835
     11.525529      0.735892      1.539850      1.510972      1.528736      7.358924
     11.560960      0.737400      1.540185      1.510938      1.528647      7.373998
     11.596391      0.738906      1.540522      1.510905      1.528557      7.389056
     11.631822      0.740410      1.540859      1.510871      1.528469      7.404099
     11.667253      0.741913      1.541198      1.510838      1.528381      7.419127
     11.702684      0.743414      1.541537      1.510805      1.528293      7.434140
     11.738115      0.744914      1.541878      1.510772      1.528206      7.449137
     11.773546      0.746412      1.542219      1.510739      1.528120      7.464120
     11.808977      0.747909      1.542562      1.510707      1.528034      7.479087
     11.844408      0.749404      1.542906      1.510675      1.527948      7.494040
     11.879839      0.750898      1.543250      1.510642      1.527863      7.508977
     11.915270      0.752390      1.543596      1.510611      1.527779      7.523900
     11.950701      0.753881      1.543943      1.510579      1.527695      7.538808
     11.986132      0.755370      1.544291      1.510547      1.527612      7.553701
     12.021563      0.756858      1.544640      1.510516      1.527529      7.568579
     12.056994      0.758344      1.544991      1.510485      1.527446      7.583443
     12.092425      0.759829      1.545342      1.510454      1.527365      7.598293
     12.127856      0.761313      1.545694      1.510423      1.527283      7.613127
     12.163287      0.762795      1.546048      1.510393      1.527202      7.627948
     12.198718      0.764275      1.546402      1.510362      1.527122      7.642754
     12.234149      0.765755      1.546758      1.510332      1.527042      7.657546
     12.269580      0.767232      1.547115      1.510302      1.526962      7.672323
     12.305011      0.768709      1.547473      1.510272      1.526883      7.687086
     12.340442      0.770184      1.547832      1.510243      1.526805      7.701835
     12.375873      0.771657      1.548192      1.510213      1.526727      7.716570
     12.411304      0.773129      1.548553      1.510184      1.526649      7.731291
     12.446735      0.774600      1.548915      1.510154      1.526572      7.745998
     12.482166      0.776069      1.549279      1.510125      1.526495      7.760691
     12.517597      0.777537      1.549643      1.510097      1.526419      7.775370
     12.553028      0.779004      1.550009      1.510068      1.526343      7.790035
     12.588459      0.780469      1.550376      1.510039      1.526267      7.804686
     12.623890      0.781932      1.550744      1.510011      1.526192      7.819324
     12.659321      0.783395      1.551113      1.509983      1.526118      7.833948
     12.694752      0.784856      1.551483      1.509955      1.526044      7.848558
     12.730183      0.786316      1.551855      1.509927      1.525970      7.863155
     12.765614      0.787774      1.552227      1.509899      1.525897      7.877738
     12.801045      0.789231      1.552601      1.509872      1.525824      7.892308
     12.836476      0.790686      1.552976      1.509844      1.525751      7.906864
     12.871907      0.792141      1.553352      1.509817      1.525679      7.921407
     12.907338      0.793594      1.553729      1.509790      1.525607      7.935937
     12.942769      0.795045      1.554107      1.509763      1.525536      7.950453
     12.978200      0.796496      1.554487      1.509736      1.525465      7.964956
     13.013631      0.797945      1.554868      1.509709      1.525395      7.979446
     13.049062      0.799392      1.555250      1.509683      1.525325      7.993923
     13.084493      0.800839      1.555633      1.509656      1.525255      8.008386
     13.119924      0.802284      1.556017      1.509630      1.525185      8.022837
     13.155355      0.803727      1.556402      1.509604      1.525116      8.037274
     13.190786      0.805170      1.556789      1.509578      1.525048      8.051699
     13.226217      0.806611      1.557177      1.509552      1.524980      8.066111
     13.261648      0.808051      1.557566      1.509527      1.524912      8.080509
     13.297079      0.809490      1.557956      1.509501      1.524844      8.094895
     13.332510      0.810927      1.558348      1.509476      1.524777      8.109269
     13.367941      0.812363      1.558740      1.509450      1.524710      8.123629
     13.403372      0.813798      1.559134      1.509425      1.524644      8.137977
     13.438803      0.815231      1.559529      1.509400      1.524578      8.152312
     13.474234      0.816663      1.559926      1.509375      1.524512      8.166635
     13.509665      0.818094      1.560323      1.509351      1.524447      8.180945
     13.545096      0.819524      1.560722      1.509326      1.524382      8.195242
     13.580527      0.820953      1.561122      1.509301      1.524317      8.209528
     13.615958      0.822380      1.561523      1.509277      1.524253      8.223800
     13.651389      0.823806      1.561926      1.509253      1.524189      8.238060
     13.686820      0.825231      1.562329      1.509229      1.524126      8.252308
     13.722251      0.826654      1.562734      1.509205      1.524062      8.266544
     13.757682      0.828077      1.563141      1.509181      1.523999      8.280767
     13.793113      0.829498      1.563548      1.509157      1.523937      8.294979
     13.828544      0.830918      1.563957      1.509134      1.523874      8.309178
     13.863975      0.832336      1.564367      1.509110      1.523812      8.323365
     13.899406      0.833754      1.564778      1.509087      1.523751      8.337540
     13.934837      0.835170      1.565191      1.509064      1.523689      8.351702
     13.970268      0.836585      1.565604      1.509040      1.523628      8.365853
     14.005699      0.837999      1.566019      1.509017      1.523568      8.379992
     14.041130      0.839412      1.566436      1.508995      1.523507      8.394119
     14.076561      0.840823      1.566853      1.508972      1.523447      8.408234
     14.111992      0.842234      1.567272      1.508949      1.523387      8.422337
     14.147423      0.843643      1.567692      1.508927      1.523328      8.436429
     14.182854      0.845051      1.568114      1.508904      1.523269      8.450508
     14.218285      0.846458      1.568537      1.508882      1.523210      8.464576
     14.253716      0.847863      1.568961      1.508860      1.523151      8.478633
     14.289147      0.849268      1.569386      1.508837      1.523093      8.492677
     14.324578      0.850671      1.569813      1.508815      1.523035      8.506710
     14.360009      0.852073      1.570241      1.508794      1.522977      8.520732
     14.395440      0.853474      1.570670      1.508772      1.522920      8.534742
     14.430871      0.854874      1.571101      1.508750      1.522863      8.548740
     14.466302      0.856273      1.571533      1.508729      1.522806      8.562727
     14.501733      0.857670      1.571966      1.508707      1.522749      8.576703
     14.537164      0.859067      1.572401      1.508686      1.522693      8.590667
     14.572595      0.860462      1.572837      1.508665      1.522637      8.604620
     14.608026      0.861856      1.573274      1.508643      1.522581      8.618561
     14.643457      0.863249      1.573713      1.508622      1.522526      8.632491
     14.678888      0.864641      1.574153      1.508601      1.522471      8.646411
     14.714319      0.866032      1.574594      1.508581      1.522416      8.660318
     14.749750      0.867422      1.575037      1.508560      1.522361      8.674215
     14.785181      0.868810      1.575481      1.508539      1.522307      8.688101
     14.820612      0.870198      1.575926      1.508519      1.522253      8.701975
     14.856043      0.871584      1.576373      1.508498      1.522199      8.715839
     14.891474      0.872969      1.576821      1.508478      1.522145      8.729691
     14.926905      0.874353      1.577271      1.508458      1.522092      8.743532
     14.962336      0.875736      1.577722      1.508438      1.522039      8.757363
     14.997767      0.877118      1.578174      1.508418      1.521986      8.771183
     15.033198      0.878499      1.578628      1.508398      1.521933      8.784991
     15.068629      0.879879      1.579083      1.508378      1.521881      8.798789
     15.104060      0.881258      1.579539      1.508358      1.521829      8.812576
     15.139491      0.882635      1.579997      1.508338      1.521777      8.826352
     15.174922      0.884012      1.580456      1.508319      1.521725      8.840118
     15.210353      0.885387      1.580917      1.508299      1.521674      8.853873
     15.245784      0.886762      1.581379      1.508280      1.521623      8.867617
     15.281215      0.888135      1.581842      1.508261      1.521572      8.881350
     15.316646      0.889507      1.582307      1.508241      1.521522      8.895073
     15.352077      0.890879      1.582773      1.508222      1.521471      8.908786
     15.387508      0.892249      1.583241      1.508203      1.521421      8.922487
     15.422939      0.893618      1.583710      1.508184      1.521371      8.936179
     15.458370      0.894986      1.584181      1.508165      1.521321      8.949859
     15.493801      0.896353      1.584653      1.508147      1.521272      8.963530
     15.529232      0.897719      1.585126      1.508128      1.521223      8.977190
     15.564663      0.899084      1.585601      1.508109      1.521174      8.990839
     15.600094      0.900448      1.586078      1.508091      1.521125      9.004478
     15.635525      0.901811      1.586555      1.508072      1.521076      9.018107
     15.670956      0.903173      1.587035      1.508054      1.521028      9.031726
     15.706387      0.904533      1.587515      1.508036      1.520980      9.045334
     15.741818      0.905893      1.587997      1.508018      1.520932      9.058932
     15.777249      0.907252      1.588481      1.507999      1.520884      9.072520
     15.812680      0.908610      1.588966      1.507981      1.520837      9.086098
     15.848111      0.909967      1.589453      1.507964      1.520790      9.099665
     15.883542      0.911322      1.589941      1.507946      1.520743      9.113223
     15.918973      0.912677      1.590430      1.507928      1.520696      9.126770
     15.954404      0.914031      1.590921      1.507910      1.520649      9.140307
     15.989835      0.915383      1.591414      1.507893      1.520603      9.153835
     16.025266      0.916735      1.591908      1.507875      1.520557      9.167352
     16.060697      0.918086      1.592403      1.507858      1.520511      9.180859
     16.096128      0.919436      1.592900      1.507840      1.520465      9.194357
     16.131559      0.920784      1.593399      1.507823      1.520420      9.207844
     16.166990      0.922132      1.593899      1.507806      1.520374      9.221322
     16.202421      0.923479      1.594400      1.507788      1.520329      9.234790
     16.237852      0.924825      1.594903      1.507771      1.520284      9.248248
     16.273283      0.926170      1.595408      1.507754      1.520239      9.261696
     16.308714      0.927513      1.595914      1.507737      1.520195      9.275135
     16.344145      0.928856      1.596421      1.507721      1.520150      9.288563
     16.379576      0.930198      1.596930      1.507704      1.520106      9.301982
     16.415007      0.931539      1.597441      1.507687      1.520062      9.315392
     16.450438      0.932879      1.597953      1.507670      1.520018      9.328792
     16.485869      0.934218      1.598467      1.507654      1.519975      9.342182
     16.521300      0.935556      1.598982      1.507637      1.519931      9.355562
     16.556731      0.936893      1.599499      1.507621      1.519888      9.368933
     16.592162      0.938229      1.600018      1.507605      1.519845      9.382295
     16.627593      0.939565      1.600537      1.507588      1.519802      9.395647
     16.663024      0.940899      1.601059      1.507572      1.519760      9.408989
     16.698455      0.942232      1.601582      1.507556      1.519717      9.422322
     16.733886      0.943565      1.602107      1.507540      1.519675      9.435646
     16.769317      0.944896      1.602633      1.507524      1.519633      9.448960
     16.804748      0.946226      1.603161      1.507508      1.519591      9.462264
     16.840179      0.947556      1.603690      1.507492      1.519549      9.475560
     16.875610      0.948885      1.604221      1.507476      1.519508      9.488846
     16.911041      0.950212      1.604754      1.507460      1.519466      9.502123
     16.946472      0.951539      1.605288      1.507445      1.519425      9.515390
     16.981903      0.952865      1.605824      1.507429      1.519384      9.528649
     17.017334      0.954190      1.606361      1.507414      1.519343      9.541898
     17.052765      0.955514      1.606900      1.507398      1.519302      9.555138
     17.088196      0.956837      1.607441      1.507383      1.519262      9.568368
     17.123627      0.958159      1.607983      1.507367      1.519221      9.581590
     17.159058      0.959480      1.608527      1.507352      1.519181      9.594803
     17.194489      0.960801      1.609072      1.507337      1.519141      9.608006
     17.229920      0.962120      1.609619      1.507322      1.519101      9.621200
     17.265351      0.963439      1.610168      1.507307      1.519062      9.634386
     17.300782      0.964756      1.610718      1.507292      1.519022      9.647562
     17.336213      0.966073      1.611270      1.507277      1.518983      9.660729
     17.371644      0.967389      1.611824      1.507262      1.518943      9.673887
     17.407075      0.968704      1.612379      1.507247      1.518904      9.687037
     17.442506      0.970018      1.612936      1.507232      1.518866      9.700177
     17.477937      0.971331      1.613495      1.507217      1.518827      9.713309
     17.513368      0.972643      1.614055      1.507203      1.518788      9.726431
     17.548799      0.973955      1.614617      1.507188      1.518750      9.739545
     17.584230      0.975265      1.615180      1.507174      1.518712      9.752650
     17.619661      0.976575      1.615745      1.507159      1.518673      9.765746
     17.655092      0.977883      1.616312      1.507145      1.518636      9.778834
     17.690523      0.979191      1.616881      1.507130      1.518598      9.791913
     17.725954      0.980498      1.617451      1.507116      1.518560      9.804983
     17.761385      0.981804      1.618023      1.507102      1.518523      9.818044
     17.796816      0.983110      1.618597      1.507087      1.518485      9.831096
     17.832247      0.984414      1.619172      1.507073      1.518448      9.844140
     17.867678      0.985718      1.619749      1.507059      1.518411      9.857176
     17.903109      0.987020      1.620328      1.507045      1.518374      9.870202
     17.938540      0.988322      1.620908      1.507031      1.518337      9.883220
     17.973971      0.989623      1.621491      1.507017      1.518301      9.896230
     18.009402      0.990923      1.622075      1.507003      1.518264      9.909231
     18.044833      0.992222      1.622660      1.506990      1.518228      9.922223
     18.080264      0.993521      1.623247      1.506976      1.518192      9.935207
     18.115695      0.994818      1.623837      1.506962      1.518156      9.948183
     18.151126      0.996115      1.624427      1.506948      1.518120      9.961150
     18.186557      0.997411      1.625020      1.506935      1.518084      9.974108
     18.221988      0.998706      1.625614      1.506921      1.518049      9.987058
     18.257419      1.000000      1.626210      1.506908      1.518013     10.000000
