  Omega0      e0        e1        e2       e11       e22       e33        ai      delta0  
   1.00000   0.80000   0.80000   0.80000   0.00000   0.00000   0.00000   0.10000   0.00000
      Tau        exp. factor        a1             a2             a3         exp. ratio   
      0.577350      0.100000      0.800000      0.800000      0.800000      1.000000
      0.612852      0.104059      0.846460      0.846460      0.846460      1.040585
      0.648355      0.108039      0.892921      0.892921      0.892921      1.080394
      0.683857      0.111948      0.939381      0.939381      0.939381      1.119482
      0.719359      0.115790      0.985841      0.985841      0.985841      1.157899
      0.754861      0.119569      1.032301      1.032301      1.032301      1.195689
      0.790363      0.123289      1.078762      1.078762      1.078762      1.232892
      0.825865      0.126954      1.125222      1.125222      1.125222      1.269540
      0.861367      0.130567      1.171682      1.171682      1.171682      1.305668
      0.896870      0.134130      1.218142      1.218142      1.218142      1.341302
      0.932372      0.137647      1.264603      1.264603      1.264603      1.376469
      0.967874      0.141119      1.311063      1.311063      1.311063      1.411193
      1.003376      0.144549      1.357523      1.357523      1.357523      1.445494
      1.038878      0.147939      1.403983      1.403983      1.403983      1.479393
      1.074380      0.151291      1.450444      1.450444      1.450444      1.512908
      1.109882      0.154606      1.496904      1.496904      1.496904      1.546055
      1.145385      0.157885      1.543364      1.543364      1.543364      1.578852
      1.180887      0.161131      1.589824      1.589824      1.589824      1.611311
      1.216389      0.164345      1.636285      1.636285      1.636285      1.643446
      1.251891      0.167527      1.682745      1.682745      1.682745      1.675270
      1.287393      0.170679      1.729205      1.729205      1.729205      1.706794
      1.322895      0.173803      1.775665      1.775665      1.775665      1.738031
      1.358397      0.176899      1.822126      1.822126      1.822126      1.768988
      1.393900      0.179968      1.868586      1.868586      1.868586      1.799678
      1.429402      0.183011      1.915046      1.915046      1.915046      1.830108
      1.464904      0.186029      1.961506      1.961506      1.961506      1.860287
      1.500406      0.189022      2.007967      2.007967      2.007967      1.890223
      1.535908      0.191992      2.054427      2.054427      2.054427      1.919923
      1.571410      0.194940      2.100887      2.100887      2.100887      1.949396
      1.606912      0.197865      2.147348      2.147348      2.147348      1.978648
      1.642415      0.200769      2.193808      2.193808      2.193808      2.007685
      1.677917      0.203651      2.240268      2.240268      2.240268      2.036514
      1.713419      0.206514      2.286728      2.286728      2.286728      2.065140
      1.748921      0.209357      2.333189      2.333189      2.333189      2.093569
      1.784423      0.212181      2.379649      2.379649      2.379649      2.121806
      1.819925      0.214986      2.426109      2.426109      2.426109      2.149856
      1.855427      0.217773      2.472569      2.472569      2.472569      2.177725
      1.890930      0.220542      2.519030      2.519030      2.519030      2.205417
      1.926432      0.223294      2.565490      2.565490      2.565490      2.232935
      1.961934      0.226029      2.611950      2.611950      2.611950      2.260286
      1.997436      0.228747      2.658410      2.658410      2.658410      2.287471
      2.032938      0.231450      2.704871      2.704871      2.704871      2.314497
      2.068440      0.234136      2.751331      2.751331      2.751331      2.341365
      2.103943      0.236808      2.797791      2.797791      2.797791      2.368080
      2.139445      0.239464      2.844251      2.844251      2.844251      2.394645
      2.174947      0.242106      2.890712      2.890712      2.890712      2.421063
      2.210449      0.244734      2.937172      2.937172      2.937172      2.447339
      2.245951      0.247347      2.983632      2.983632      2.983632      2.473474
      2.281453      0.249947      3.030092      3.030092      3.030092      2.499471
      2.316955      0.252533      3.076553      3.076553      3.076553      2.525334
      2.352458      0.255107      3.123013      3.123013      3.123013      2.551066
      2.387960      0.257667      3.169473      3.169473      3.169473      2.576668
      2.423462      0.260214      3.215933      3.215933      3.215933      2.602143
      2.458964      0.262749      3.262394      3.262394      3.262394      2.627495
      2.494466      0.265272      3.308854      3.308854      3.308854      2.652725
      2.529968      0.267783      3.355314      3.355314      3.355314      2.677835
      2.565470      0.270283      3.401775      3.401775      3.401775      2.702828
      2.600973      0.272771      3.448235      3.448235      3.448235      2.727706
      2.636475      0.275247      3.494695      3.494695      3.494695      2.752471
      2.671977      0.277713      3.541155      3.541155      3.541155      2.777126
      2.707479      0.280167      3.587616      3.587616      3.587616      2.801671
      2.742981      0.282611      3.634076      3.634076      3.634076      2.826109
      2.778483      0.285044      3.680536      3.680536      3.680536      2.850442
      2.813985      0.287467      3.726996      3.726996      3.726996      2.874672
      2.849488      0.289880      3.773457      3.773457      3.773457      2.898800
      2.884990      0.292283      3.819917      3.819917      3.819917      2.922828
      2.920492      0.294676      3.866377      3.866377      3.866377      2.946758
      2.955994      0.297059      3.912837      3.912837      3.912837      2.970590
      2.991496      0.299433      3.959298      3.959298      3.959298      2.994328
      3.026998      0.301797      4.005758      4.005758      4.005758      3.017972
      3.062500      0.304152      4.052218      4.052218      4.052218      3.041524
      3.098003      0.306498      4.098678      4.098678      4.098678      3.064984
      3.133505      0.308836      4.145139      4.145139      4.145139      3.088356
      3.169007      0.311164      4.191599      4.191599      4.191599      3.111639
      3.204509      0.313484      4.238059      4.238059      4.238059      3.134835
      3.240011      0.315795      4.284519      4.284519      4.284519      3.157946
      3.275513      0.318097      4.330980      4.330980      4.330980      3.180973
      3.311015      0.320392      4.377440      4.377440      4.377440      3.203917
      3.346518      0.322678      4.423900      4.423900      4.423900      3.226779
      3.382020      0.324956      4.470360      4.470360      4.470360      3.249560
      3.417522      0.327226      4.516821      4.516821      4.516821      3.272261
      3.453024      0.329488      4.563281      4.563281      4.563281      3.294884
      3.488526      0.331743      4.609741      4.609741      4.609741      3.317430
      3.524028      0.333990      4.656201      4.656201      4.656201      3.339899
      3.559530      0.336229      4.702662      4.702662      4.702662      3.362293
      3.595033      0.338461      4.749122      4.749122      4.749122      3.384613
      3.630535      0.340686      4.795582      4.795582      4.795582      3.406859
      3.666037      0.342903      4.842043      4.842043      4.842043      3.429033
      3.701539      0.345114      4.888503      4.888503      4.888503      3.451135
      3.737041      0.347317      4.934963      4.934963      4.934963      3.473167
      3.772543      0.349513      4.981423      4.981423      4.981423      3.495129
      3.808045      0.351702      5.027884      5.027884      5.027884      3.517023
      3.843548      0.353885      5.074344      5.074344      5.074344      3.538848
      3.879050      0.356061      5.120804      5.120804      5.120804      3.560607
      3.914552      0.358230      5.167264      5.167264      5.167264      3.582299
      3.950054      0.360393      5.213725      5.213725      5.213725      3.603925
      3.985556      0.362549      5.260185      5.260185      5.260185      3.625487
      4.021058      0.364699      5.306645      5.306645      5.306645      3.646985
      4.056560      0.366842      5.353105      5.353105      5.353105      3.668420
      4.092063      0.368979      5.399566      5.399566      5.399566      3.689792
      4.127565      0.371110      5.446026      5.446026      5.446026      3.711103
      4.163067      0.373235      5.492486      5.492486      5.492486      3.732353
      4.198569      0.375354      5.538946      5.538946      5.538946      3.753542
      4.234071      0.377467      5.585407      5.585407      5.585407      3.774672
      4.269573      0.379574      5.631867      5.631867      5.631867      3.795742
      4.305076      0.381675      5.678327      5.678327      5.678327      3.816755
      4.340578      0.383771      5.724787      5.724787      5.724787      3.837710
      4.376080      0.385861      5.771248      5.771248      5.771248      3.858607
      4.411582      0.387945      5.817708      5.817708      5.817708      3.879448
      4.447084      0.390023      5.864168      5.864168      5.864168      3.900234
      4.482586      0.392096      5.910628      5.910628      5.910628      3.920964
      4.518088      0.394164      5.957089      5.957089      5.957089      3.941639
      4.553591      0.396226      6.003549      6.003549      6.003549      3.962261
      4.589093      0.398283      6.050009      6.050009      6.050009      3.982829
      4.624595      0.400334      6.096470      6.096470      6.096470      4.003344
      4.660097      0.402381      6.142930      6.142930      6.142930      4.023806
      4.695599      0.404422      6.189390      6.189390      6.189390      4.044217
      4.731101      0.406458      6.235850      6.235850      6.235850      4.064576
      4.766603      0.408488      6.282311      6.282311      6.282311      4.084884
      4.802106      0.410514      6.328771      6.328771      6.328771      4.105142
      4.837608      0.412535      6.375231      6.375231      6.375231      4.125350
      4.873110      0.414551      6.421691      6.421691      6.421691      4.145509
      4.908612      0.416562      6.468152      6.468152      6.468152      4.165619
      4.944114      0.418568      6.514612      6.514612      6.514612      4.185681
      4.979616      0.420569      6.561072      6.561072      6.561072      4.205694
      5.015118      0.422566      6.607532      6.607532      6.607532      4.225660
      5.050621      0.424558      6.653993      6.653993      6.653993      4.245579
      5.086123      0.426545      6.700453      6.700453      6.700453      4.265451
      5.121625      0.428528      6.746913      6.746913      6.746913      4.285277
      5.157127      0.430506      6.793373      6.793373      6.793373      4.305058
      5.192629      0.432479      6.839834      6.839834      6.839834      4.324793
      5.228131      0.434448      6.886294      6.886294      6.886294      4.344483
      5.263633      0.436413      6.932754      6.932754      6.932754      4.364128
      5.299136      0.438373      6.979214      6.979214      6.979214      4.383730
      5.334638      0.440329      7.025675      7.025675      7.025675      4.403287
      5.370140      0.442280      7.072135      7.072135      7.072135      4.422802
      5.405642      0.444227      7.118595      7.118595      7.118595      4.442273
      5.441144      0.446170      7.165055      7.165055      7.165055      4.461702
      5.476646      0.448109      7.211516      7.211516      7.211516      4.481089
      5.512148      0.450043      7.257976      7.257976      7.257976      4.500434
      5.547651      0.451974      7.304436      7.304436      7.304436      4.519737
      5.583153      0.453900      7.350897      7.350897      7.350897      4.538999
      5.618655      0.455822      7.397357      7.397357      7.397357      4.558220
      5.654157      0.457740      7.443817      7.443817      7.443817      4.577401
      5.689659      0.459654      7.490277      7.490277      7.490277      4.596542
      5.725161      0.461564      7.536738      7.536738      7.536738      4.615643
      5.760663      0.463470      7.583198      7.583198      7.583198      4.634705
      5.796166      0.465373      7.629658      7.629658      7.629658      4.653727
      5.831668      0.467271      7.676118      7.676118      7.676118      4.672711
      5.867170      0.469166      7.722579      7.722579      7.722579      4.691656
      5.902672      0.471056      7.769039      7.769039      7.769039      4.710563
      5.938174      0.472943      7.815499      7.815499      7.815499      4.729433
      5.973676      0.474826      7.861959      7.861959      7.861959      4.748264
      6.009178      0.476706      7.908420      7.908420      7.908420      4.767059
      6.044681      0.478582      7.954880      7.954880      7.954880      4.785816
      6.080183      0.480454      8.001340      8.001340      8.001340      4.804537
      6.115685      0.482322      8.047800      8.047800      8.047800      4.823221
      6.151187      0.484187      8.094261      8.094261      8.094261      4.841869
      6.186689      0.486048      8.140721      8.140721      8.140721      4.860481
      6.222191      0.487906      8.187181      8.187181      8.187181      4.879058
      6.257694      0.489760      8.233641      8.233641      8.233641      4.897600
      6.293196      0.491611      8.280102      8.280102      8.280102      4.916106
      6.328698      0.493458      8.326562      8.326562      8.326562      4.934578
      6.364200      0.495301      8.373022      8.373022      8.373022      4.953015
      6.399702      0.497142      8.419482      8.419482      8.419482      4.971418
      6.435204      0.498979      8.465943      8.465943      8.465943      4.989787
      6.470706      0.500812      8.512403      8.512403      8.512403      5.008122
      6.506209      0.502642      8.558863      8.558863      8.558863      5.026423
      6.541711      0.504469      8.605324      8.605324      8.605324      5.044692
      6.577213      0.506293      8.651784      8.651784      8.651784      5.062927
      6.612715      0.508113      8.698244      8.698244      8.698244      5.081130
      6.648217      0.509930      8.744704      8.744704      8.744704      5.099300
      6.683719      0.511744      8.791165      8.791165      8.791165      5.117438
      6.719221      0.513554      8.837625      8.837625      8.837625      5.135543
      6.754724      0.515362      8.884085      8.884085      8.884085      5.153617
      6.790226      0.517166      8.930545      8.930545      8.930545      5.171659
      6.825728      0.518967      8.977006      8.977006      8.977006      5.189670
      6.861230      0.520765      9.023466      9.023466      9.023466      5.207649
      6.896732      0.522560      9.069926      9.069926      9.069926      5.225598
      6.932234      0.524352      9.116386      9.116386      9.116386      5.243516
      6.967736      0.526140      9.162847      9.162847      9.162847      5.261403
      7.003239      0.527926      9.209307      9.209307      9.209307      5.279260
      7.038741      0.529709      9.255767      9.255767      9.255767      5.297086
      7.074243      0.531488      9.302227      9.302227      9.302227      5.314883
      7.109745      0.533265      9.348688      9.348688      9.348688      5.332650
      7.145247      0.535039      9.395148      9.395148      9.395148      5.350388
      7.180749      0.536810      9.441608      9.441608      9.441608      5.368096
      7.216251      0.538577      9.488068      9.488068      9.488068      5.385775
      7.251754      0.540342      9.534529      9.534529      9.534529      5.403425
      7.287256      0.542105      9.580989      9.580989      9.580989      5.421046
      7.322758      0.543864      9.627449      9.627449      9.627449      5.438639
      7.358260      0.545620      9.673909      9.673909      9.673909      5.456203
      7.393762      0.547374      9.720370      9.720370      9.720370      5.473739
      7.429264      0.549125      9.766830      9.766830      9.766830      5.491247
      7.464766      0.550873      9.813290      9.813290      9.813290      5.508727
      7.500269      0.552618      9.859751      9.859751      9.859751      5.526179
      7.535771      0.554360      9.906211      9.906211      9.906211      5.543604
      7.571273      0.556100      9.952671      9.952671      9.952671      5.561002
      7.606775      0.557837      9.999131      9.999131      9.999131      5.578372
      7.642277      0.559572     10.045592     10.045592     10.045592      5.595715
      7.677779      0.561303     10.092052     10.092052     10.092052      5.613032
      7.713281      0.563032     10.138512     10.138512     10.138512      5.630322
      7.748784      0.564758     10.184972     10.184972     10.184972      5.647585
      7.784286      0.566482     10.231433     10.231433     10.231433      5.664822
      7.819788      0.568203     10.277893     10.277893     10.277893      5.682033
      7.855290      0.569922     10.324353     10.324353     10.324353      5.699218
      7.890792      0.571638     10.370813     10.370813     10.370813      5.716376
      7.926294      0.573351     10.417274     10.417274     10.417274      5.733510
      7.961796      0.575062     10.463734     10.463734     10.463734      5.750617
      7.997299      0.576770     10.510194     10.510194     10.510194      5.767700
      8.032801      0.578476     10.556654     10.556654     10.556654      5.784756
      8.068303      0.580179     10.603115     10.603115     10.603115      5.801788
      8.103805      0.581880     10.649575     10.649575     10.649575      5.818795
      8.139307      0.583578     10.696035     10.696035     10.696035      5.835777
      8.174809      0.585273     10.742495     10.742495     10.742495      5.852735
      8.210311      0.586967     10.788956     10.788956     10.788956      5.869668
      8.245814      0.588658     10.835416     10.835416     10.835416      5.886576
      8.281316      0.590346     10.881876     10.881876     10.881876      5.903460
      8.316818      0.592032     10.928336     10.928336     10.928336      5.920320
      8.352320      0.593716     10.974797     10.974797     10.974797      5.937157
      8.387822      0.595397     11.021257     11.021257     11.021257      5.953969
      8.423324      0.597076     11.067717     11.067717     11.067717      5.970758
      8.458827      0.598752     11.114178     11.114178     11.114178      5.987523
      8.494329      0.600426     11.160638     11.160638     11.160638      6.004264
      8.529831      0.602098     11.207098     11.207098     11.207098      6.020982
      8.565333      0.603768     11.253558     11.253558     11.253558      6.037678
      8.600835      0.605435     11.300019     11.300019     11.300019      6.054350
      8.636337      0.607100     11.346479     11.346479     11.346479      6.070999
      8.671839      0.608763     11.392939     11.392939     11.392939      6.087625
      8.707342      0.610423     11.439399     11.439399     11.439399      6.104229
      8.742844      0.612081     11.485860     11.485860     11.485860      6.120810
      8.778346      0.613737     11.532320     11.532320     11.532320      6.137369
      8.813848      0.615391     11.578780     11.578780     11.578780      6.153905
      8.849350      0.617042     11.625240     11.625240     11.625240      6.170419
      8.884852      0.618691     11.671701     11.671701     11.671701      6.186911
      8.920354      0.620338     11.718161     11.718161     11.718161      6.203382
      8.955857      0.621983     11.764621     11.764621     11.764621      6.219830
      8.991359      0.623626     11.811081     11.811081     11.811081      6.236256
      9.026861      0.625266     11.857542     11.857542     11.857542      6.252661
      9.062363      0.626904     11.904002     11.904002     11.904002      6.269045
      9.097865      0.628541     11.950462     11.950462     11.950462      6.285407
      9.133367      0.630175     11.996922     11.996922     11.996922      6.301748
      9.168869      0.631807     12.043383     12.043383     12.043383      6.318068
      9.204372      0.633437     12.089843     12.089843     12.089843      6.334366
      9.239874      0.635064     12.136303     12.136303     12.136303      6.350644
      9.275376      0.636690     12.182763     12.182763     12.182763      6.366901
      9.310878      0.638314     12.229224     12.229224     12.229224      6.383137
      9.346380      0.639935     12.275684     12.275684     12.275684      6.399353
      9.381882      0.641555     12.322144     12.322144     12.322144      6.415548
      9.417384      0.643172     12.368604     12.368604     12.368604      6.431722
      9.452887      0.644788     12.415065     12.415065     12.415065      6.447877
      9.488389      0.646401     12.461525     12.461525     12.461525      6.464011
      9.523891      0.648012     12.507985     12.507985     12.507985      6.480125
      9.559393      0.649622     12.554446     12.554446     12.554446      6.496219
      9.594895      0.651229     12.600906     12.600906     12.600906      6.512293
      9.630397      0.652835     12.647366     12.647366     12.647366      6.528347
      9.665899      0.654438     12.693826     12.693826     12.693826      6.544381
      9.701402      0.656040     12.740287     12.740287     12.740287      6.560396
      9.736904      0.657639     12.786747     12.786747     12.786747      6.576392
      9.772406      0.659237     12.833207     12.833207     12.833207      6.592368
      9.807908      0.660832     12.879667     12.879667     12.879667      6.608324
      9.843410      0.662426     12.926128     12.926128     12.926128      6.624262
      9.878912      0.664018     12.972588     12.972588     12.972588      6.640180
      9.914414      0.665608     13.019048     13.019048     13.019048      6.656079
      9.949917      0.667196     13.065508     13.065508     13.065508      6.671959
      9.985419      0.668782     13.111969     13.111969     13.111969      6.687820
     10.020921      0.670366     13.158429     13.158429     13.158429      6.703663
     10.056423      0.671949     13.204889     13.204889     13.204889      6.719487
     10.091925      0.673529     13.251349     13.251349     13.251349      6.735292
     10.127427      0.675108     13.297810     13.297810     13.297810      6.751079
     10.162929      0.676685     13.344270     13.344270     13.344270      6.766847
     10.198432      0.678260     13.390730     13.390730     13.390730      6.782597
     10.233934      0.679833     13.437190     13.437190     13.437190      6.798329
     10.269436      0.681404     13.483651     13.483651     13.483651      6.814042
     10.304938      0.682974     13.530111     13.530111     13.530111      6.829737
     10.340440      0.684541     13.576571     13.576571     13.576571      6.845415
     10.375942      0.686107     13.623031     13.623031     13.623031      6.861074
     10.411444      0.687672     13.669492     13.669492     13.669492      6.876716
     10.446947      0.689234     13.715952     13.715952     13.715952      6.892340
     10.482449      0.690795     13.762412     13.762412     13.762412      6.907946
     10.517951      0.692353     13.808873     13.808873     13.808873      6.923534
     10.553453      0.693911     13.855333     13.855333     13.855333      6.939105
     10.588955      0.695466     13.901793     13.901793     13.901793      6.954659
     10.624457      0.697019     13.948253     13.948253     13.948253      6.970195
     10.659960      0.698571     13.994714     13.994714     13.994714      6.985714
     10.695462      0.700122     14.041174     14.041174     14.041174      7.001215
     10.730964      0.701670     14.087634     14.087634     14.087634      7.016700
     10.766466      0.703217     14.134094     14.134094     14.134094      7.032167
     10.801968      0.704762     14.180555     14.180555     14.180555      7.047618
     10.837470      0.706305     14.227015     14.227015     14.227015      7.063051
     10.872972      0.707847     14.273475     14.273475     14.273475      7.078468
     10.908475      0.709387     14.319935     14.319935     14.319935      7.093868
     10.943977      0.710925     14.366396     14.366396     14.366396      7.109251
     10.979479      0.712462     14.412856     14.412856     14.412856      7.124618
     11.014981      0.713997     14.459316     14.459316     14.459316      7.139968
     11.050483      0.715530     14.505776     14.505776     14.505776      7.155301
     11.085985      0.717062     14.552237     14.552237     14.552237      7.170618
     11.121487      0.718592     14.598697     14.598697     14.598697      7.185919
     11.156990      0.720120     14.645157     14.645157     14.645157      7.201204
     11.192492      0.721647     14.691617     14.691617     14.691617      7.216472
     11.227994      0.723172     14.738078     14.738078     14.738078      7.231724
     11.263496      0.724696     14.784538     14.784538     14.784538      7.246960
     11.298998      0.726218     14.830998     14.830998     14.830998      7.262181
     11.334500      0.727738     14.877458     14.877458     14.877458      7.277385
     11.370002      0.729257     14.923919     14.923919     14.923919      7.292573
     11.405505      0.730775     14.970379     14.970379     14.970379      7.307746
     11.441007      0.732290     15.016839     15.016839     15.016839      7.322902
     11.476509      0.733804     15.063300     15.063300     15.063300      7.338044
     11.512011      0.735317     15.109760     15.109760     15.109760      7.353169
     11.547513      0.736828     15.156220     15.156220     15.156220      7.368279
     11.583015      0.738337     15.202680     15.202680     15.202680      7.383373
     11.618517      0.739845     15.249141     15.249141     15.249141      7.398453
     11.654020      0.741352     15.295601     15.295601     15.295601      7.413516
     11.689522      0.742856     15.342061     15.342061     15.342061      7.428565
     11.725024      0.744360     15.388521     15.388521     15.388521      7.443598
     11.760526      0.745862     15.434982     15.434982     15.434982      7.458616
     11.796028      0.747362     15.481442     15.481442     15.481442      7.473619
     11.831530      0.748861     15.527902     15.527902     15.527902      7.488607
     11.867032      0.750358     15.574362     15.574362     15.574362      7.503580
     11.902535      0.751854     15.620823     15.620823     15.620823      7.518538
     11.938037      0.753348     15.667283     15.667283     15.667283      7.533481
     11.973539      0.754841     15.713743     15.713743     15.713743      7.548409
     12.009041      0.756332     15.760203     15.760203     15.760203      7.563323
     12.044543      0.757822     15.806664     15.806664     15.806664      7.578222
     12.080045      0.759311     15.853124     15.853124     15.853124      7.593106
     12.115547      0.760798     15.899584     15.899584     15.899584      7.607976
     12.151050      0.762283     15.946044     15.946044     15.946044      7.622831
     12.186552      0.763767     15.992505     15.992505     15.992505      7.637672
     12.222054      0.765250     16.038965     16.038965     16.038965      7.652498
     12.257556      0.766731     16.085425     16.085425     16.085425      7.667310
     12.293058      0.768211     16.131885     16.131885     16.131885      7.682107
     12.328560      0.769689     16.178346     16.178346     16.178346      7.696891
     12.364062      0.771166     16.224806     16.224806     16.224806      7.711660
     12.399565      0.772642     16.271266     16.271266     16.271266      7.726415
     12.435067      0.774116     16.317727     16.317727     16.317727      7.741156
     12.470569      0.775588     16.364187     16.364187     16.364187      7.755883
     12.506071      0.777060     16.410647     16.410647     16.410647      7.770596
     12.541573      0.778530     16.457107     16.457107     16.457107      7.785295
     12.577075      0.779998     16.503568     16.503568     16.503568      7.799981
     12.612577      0.781465     16.550028     16.550028     16.550028      7.814652
     12.648080      0.782931     16.596488     16.596488     16.596488      7.829310
     12.683582      0.784395     16.642948     16.642948     16.642948      7.843954
     12.719084      0.785858     16.689409     16.689409     16.689409      7.858584
     12.754586      0.787320     16.735869     16.735869     16.735869      7.873201
     12.790088      0.788780     16.782329     16.782329     16.782329      7.887804
     12.825590      0.790239     16.828789     16.828789     16.828789      7.902394
     12.861093      0.791697     16.875250     16.875250     16.875250      7.916970
     12.896595      0.793153     16.921710     16.921710     16.921710      7.931533
     12.932097      0.794608     16.968170     16.968170     16.968170      7.946082
     12.967599      0.796062     17.014630     17.014630     17.014630      7.960618
     13.003101      0.797514     17.061091     17.061091     17.061091      7.975141
     13.038603      0.798965     17.107551     17.107551     17.107551      7.989651
     13.074105      0.800415     17.154011     17.154011     17.154011      8.004147
     13.109608      0.801863     17.200471     17.200471     17.200471      8.018631
     13.145110      0.803310     17.246932     17.246932     17.246932      8.033101
     13.180612      0.804756     17.293392     17.293392     17.293392      8.047558
     13.216114      0.806200     17.339852     17.339852     17.339852      8.062003
     13.251616      0.807643     17.386312     17.386312     17.386312      8.076434
     13.287118      0.809085     17.432773     17.432773     17.432773      8.090853
     13.322620      0.810526     17.479233     17.479233     17.479233      8.105258
     13.358123      0.811965     17.525693     17.525693     17.525693      8.119651
     13.393625      0.813403     17.572154     17.572154     17.572154      8.134031
     13.429127      0.814840     17.618614     17.618614     17.618614      8.148399
     13.464629      0.816275     17.665074     17.665074     17.665074      8.162753
     13.500131      0.817710     17.711534     17.711534     17.711534      8.177096
     13.535633      0.819143     17.757995     17.757995     17.757995      8.191425
     13.571135      0.820574     17.804455     17.804455     17.804455      8.205742
     13.606638      0.822005     17.850915     17.850915     17.850915      8.220047
     13.642140      0.823434     17.897375     17.897375     17.897375      8.234339
     13.677642      0.824862     17.943836     17.943836     17.943836      8.248619
     13.713144      0.826289     17.990296     17.990296     17.990296      8.262886
     13.748646      0.827714     18.036756     18.036756     18.036756      8.277141
     13.784148      0.829138     18.083216     18.083216     18.083216      8.291384
     13.819650      0.830561     18.129677     18.129677     18.129677      8.305615
     13.855153      0.831983     18.176137     18.176137     18.176137      8.319833
     13.890655      0.833404     18.222597     18.222597     18.222597      8.334040
     13.926157      0.834823     18.269057     18.269057     18.269057      8.348234
     13.961659      0.836242     18.315518     18.315518     18.315518      8.362416
     13.997161      0.837659     18.361978     18.361978     18.361978      8.376586
     14.032663      0.839074     18.408438     18.408438     18.408438      8.390744
     14.068165      0.840489     18.454898     18.454898     18.454898      8.404891
     14.103668      0.841902     18.501359     18.501359     18.501359      8.419025
     14.139170      0.843315     18.547819     18.547819     18.547819      8.433147
     14.174672      0.844726     18.594279     18.594279     18.594279      8.447258
     14.210174      0.846136     18.640739     18.640739     18.640739      8.461357
     14.245676      0.847544     18.687200     18.687200     18.687200      8.475444
     14.281178      0.848952     18.733660     18.733660     18.733660      8.489520
     14.316680      0.850358     18.780120     18.780120     18.780120      8.503583
     14.352183      0.851764     18.826580     18.826580     18.826580      8.517636
     14.387685      0.853168     18.873041     18.873041     18.873041      8.531676
     14.423187      0.854571     18.919501     18.919501     18.919501      8.545705
     14.458689      0.855972     18.965961     18.965961     18.965961      8.559723
     14.494191      0.857373     19.012422     19.012422     19.012422      8.573729
     14.529693      0.858772     19.058882     19.058882     19.058882      8.587723
     14.565195      0.860171     19.105342     19.105342     19.105342      8.601707
     14.600698      0.861568     19.151802     19.151802     19.151802      8.615679
     14.636200      0.862964     19.198263     19.198263     19.198263      8.629639
     14.671702      0.864359     19.244723     19.244723     19.244723      8.643588
     14.707204      0.865753     19.291183     19.291183     19.291183      8.657527
     14.742706      0.867145     19.337643     19.337643     19.337643      8.671453
     14.778208      0.868537     19.384104     19.384104     19.384104      8.685369
     14.813710      0.869927     19.430564     19.430564     19.430564      8.699274
     14.849213      0.871317     19.477024     19.477024     19.477024      8.713167
     14.884715      0.872705     19.523484     19.523484     19.523484      8.727049
     14.920217      0.874092     19.569945     19.569945     19.569945      8.740921
     14.955719      0.875478     19.616405     19.616405     19.616405      8.754781
     14.991221      0.876863     19.662865     19.662865     19.662865      8.768630
     15.026723      0.878247     19.709325     19.709325     19.709325      8.782469
     15.062226      0.879630     19.755786     19.755786     19.755786      8.796296
     15.097728      0.881011     19.802246     19.802246     19.802246      8.810113
     15.133230      0.882392     19.848706     19.848706     19.848706      8.823919
     15.168732      0.883771     19.895166     19.895166     19.895166      8.837714
     15.204234      0.885150     19.941627     19.941627     19.941627      8.851498
     15.239736      0.886527     19.988087     19.988087     19.988087      8.865272
     15.275238      0.887903     20.034547     20.034547     20.034547      8.879035
     15.310741      0.889279     20.081007     20.081007     20.081007      8.892787
     15.346243      0.890653     20.127468     20.127468     20.127468      8.906528
     15.381745      0.892026     20.173928     20.173928     20.173928      8.920259
     15.417247      0.893398     20.220388     20.220388     20.220388      8.933980
     15.452749      0.894769     20.266849     20.266849     20.266849      8.947690
     15.488251      0.896139     20.313309     20.313309     20.313309      8.961389
     15.523753      0.897508     20.359769     20.359769     20.359769      8.975078
     15.559256      0.898876     20.406229     20.406229     20.406229      8.988757
     15.594758      0.900242     20.452690     20.452690     20.452690      9.002425
     15.630260      0.901608     20.499150     20.499150     20.499150      9.016083
     15.665762      0.902973     20.545610     20.545610     20.545610      9.029730
     15.701264      0.904337     20.592070     20.592070     20.592070      9.043367
     15.736766      0.905699     20.638531     20.638531     20.638531      9.056994
     15.772268      0.907061     20.684991     20.684991     20.684991      9.070611
     15.807771      0.908422     20.731451     20.731451     20.731451      9.084217
     15.843273      0.909781     20.777911     20.777911     20.777911      9.097813
     15.878775      0.911140     20.824372     20.824372     20.824372      9.111399
     15.914277      0.912498     20.870832     20.870832     20.870832      9.124975
     15.949779      0.913854     20.917292     20.917292     20.917292      9.138541
     15.985281      0.915210     20.963752     20.963752     20.963752      9.152097
     16.020783      0.916564     21.010213     21.010213     21.010213      9.165643
     16.056286      0.917918     21.056673     21.056673     21.056673      9.179178
     16.091788      0.919270     21.103133     21.103133     21.103133      9.192704
     16.127290      0.920622     21.149593     21.149593     21.149593      9.206220
     16.162792      0.921973     21.196054     21.196054     21.196054      9.219726
     16.198294      0.923322     21.242514     21.242514     21.242514      9.233222
     16.233796      0.924671     21.288974     21.288974     21.288974      9.246708
     16.269298      0.926018     21.335434     21.335434     21.335434      9.260184
     16.304801      0.927365     21.381895     21.381895     21.381895      9.273651
     16.340303      0.928711     21.428355     21.428355     21.428355      9.287108
     16.375805      0.930055     21.474815     21.474815     21.474815      9.300555
     16.411307      0.931399     21.521276     21.521276     21.521276      9.313992
     16.446809      0.932742     21.567736     21.567736     21.567736      9.327420
     16.482311      0.934084     21.614196     21.614196     21.614196      9.340838
     16.517813      0.935425     21.660656     21.660656     21.660656      9.354246
     16.553316      0.936764     21.707117     21.707117     21.707117      9.367645
     16.588818      0.938103     21.753577     21.753577     21.753577      9.381034
     16.624320      0.939441     21.800037     21.800037     21.800037      9.394414
     16.659822      0.940778     21.846497     21.846497     21.846497      9.407784
     16.695324      0.942114     21.892958     21.892958     21.892958      9.421144
     16.730826      0.943450     21.939418     21.939418     21.939418      9.434495
     16.766328      0.944784     21.985878     21.985878     21.985878      9.447837
     16.801831      0.946117     22.032338     22.032338     22.032338      9.461169
     16.837333      0.947449     22.078799     22.078799     22.078799      9.474492
     16.872835      0.948781     22.125259     22.125259     22.125259      9.487806
     16.908337      0.950111     22.171719     22.171719     22.171719      9.501110
     16.943839      0.951440     22.218179     22.218179     22.218179      9.514405
     16.979341      0.952769     22.264640     22.264640     22.264640      9.527691
     17.014844      0.954097     22.311100     22.311100     22.311100      9.540967
     17.050346      0.955423     22.357560     22.357560     22.357560      9.554234
     17.085848      0.956749     22.404020     22.404020     22.404020      9.567492
     17.121350      0.958074     22.450481     22.450481     22.450481      9.580741
     17.156852      0.959398     22.496941     22.496941     22.496941      9.593980
     17.192354      0.960721     22.543401     22.543401     22.543401      9.607211
     17.227856      0.962043     22.589861     22.589861     22.589861      9.620432
     17.263359      0.963364     22.636322     22.636322     22.636322      9.633644
     17.298861      0.964685     22.682782     22.682782     22.682782      9.646848
     17.334363      0.966004     22.729242     22.729242     22.729242      9.660042
     17.369865      0.967323     22.775703     22.775703     22.775703      9.673227
     17.405367      0.968640     22.822163     22.822163     22.822163      9.686403
     17.440869      0.969957     22.868623     22.868623     22.868623      9.699570
     17.476371      0.971273     22.915083     22.915083     22.915083      9.712729
     17.511874      0.972588     22.961544     22.961544     22.961544      9.725878
     17.547376      0.973902     23.008004     23.008004     23.008004      9.739019
     17.582878      0.975215     23.054464     23.054464     23.054464      9.752150
     17.618380      0.976527     23.100924     23.100924     23.100924      9.765273
     17.653882      0.977839     23.147385     23.147385     23.147385      9.778387
     17.689384      0.979149     23.193845     23.193845     23.193845      9.791493
     17.724886      0.980459     23.240305     23.240305     23.240305      9.804589
     17.760389      0.981768     23.286765     23.286765     23.286765      9.817677
     17.795891      0.983076     23.333226     23.333226     23.333226      9.830756
     17.831393      0.984383     23.379686     23.379686     23.379686      9.843826
     17.866895      0.985689     23.426146     23.426146     23.426146      9.856888
     17.902397      0.986994     23.472606     23.472606     23.472606      9.869941
     17.937899      0.988299     23.519067     23.519067     23.519067      9.882985
     17.973401      0.989602     23.565527     23.565527     23.565527      9.896021
     18.008904      0.990905     23.611987     23.611987     23.611987      9.909048
     18.044406      0.992207     23.658447     23.658447     23.658447      9.922067
     18.079908      0.993508     23.704908     23.704908     23.704908      9.935077
     18.115410      0.994808     23.751368     23.751368     23.751368      9.948078
     18.150912      0.996107     23.797828     23.797828     23.797828      9.961071
     18.186414      0.997406     23.844288     23.844288     23.844288      9.974056
     18.221916      0.998703     23.890749     23.890749     23.890749      9.987032
     18.257419      1.000000     23.937209     23.937209     23.937209     10.000000
