  Omega0      e0        e1        e2       e11       e22       e33        ai      delta0  
   1.00000   1.00000   0.80000   0.60000   0.00000   0.00000   0.00000   0.10000  -0.50000
      Tau        exp. factor        a1             a2             a3         exp. ratio   
      0.577350      0.100000      1.000000      0.800000      0.600000      1.000000
      0.612852      0.104059      1.064429      0.857062      0.653927      1.040585
      0.648355      0.108039      1.145481      0.923279      0.712085      1.080394
      0.683857      0.111948      1.242406      0.998262      0.774425      1.119482
      0.719359      0.115790      1.354805      1.081719      0.840875      1.157899
      0.754861      0.119569      1.482537      1.173429      0.911353      1.195689
      0.790363      0.123289      1.625648      1.273225      0.985766      1.232892
      0.825865      0.126954      1.784336      1.380979      1.064017      1.269540
      0.861367      0.130567      1.958912      1.496592      1.146004      1.305668
      0.896870      0.134130      2.149787      1.619991      1.231626      1.341302
      0.932372      0.137647      2.357450      1.751116      1.320782      1.376469
      0.967874      0.141119      2.582464      1.889923      1.413369      1.411193
      1.003376      0.144549      2.825455      2.036377      1.509288      1.445494
      1.038878      0.147939      3.087107      2.190449      1.608440      1.479393
      1.074380      0.151291      3.368159      2.352115      1.710728      1.512908
      1.109882      0.154606      3.669401      2.521356      1.816058      1.546055
      1.145385      0.157885      3.991675      2.698152      1.924335      1.578852
      1.180887      0.161131      4.335871      2.882487      2.035468      1.611311
      1.216389      0.164345      4.702929      3.074344      2.149370      1.643446
      1.251891      0.167527      5.093837      3.273704      2.265952      1.675270
      1.287393      0.170679      5.509636      3.480549      2.385130      1.706794
      1.322895      0.173803      5.951415      3.694860      2.506821      1.738031
      1.358397      0.176899      6.420313      3.916613      2.630945      1.768988
      1.393900      0.179968      6.917525      4.145785      2.757422      1.799678
      1.429402      0.183011      7.444299      4.382349      2.886176      1.830108
      1.464904      0.186029      8.001938      4.626277      3.017131      1.860287
      1.500406      0.189022      8.591804      4.877537      3.150217      1.890223
      1.535908      0.191992      9.215316      5.136095      3.285361      1.919923
      1.571410      0.194940      9.873957      5.401915      3.422494      1.949396
      1.606912      0.197865     10.569273      5.674957      3.561551      1.978648
      1.642415      0.200769     11.302876      5.955178      3.702465      2.007685
      1.677917      0.203651     12.076443      6.242534      3.845174      2.036514
      1.713419      0.206514     12.891728      6.536978      3.989616      2.065140
      1.748921      0.209357     13.750553      6.838458      4.135731      2.093569
      1.784423      0.212181     14.654818      7.146921      4.283462      2.121806
      1.819925      0.214986     15.606504      7.462313      4.432753      2.149856
      1.855427      0.217773     16.607671      7.784575      4.583549      2.177725
      1.890930      0.220542     17.660465      8.113646      4.735796      2.205417
      1.926432      0.223294     18.767122      8.449464      4.889446      2.232935
      1.961934      0.226029     19.929967      8.791964      5.044446      2.260286
      1.997436      0.228747     21.151423      9.141078      5.200751      2.287471
      2.032938      0.231450     22.434010      9.496736      5.358312      2.314497
      2.068440      0.234136     23.780351      9.858869      5.517086      2.341365
      2.103943      0.236808     25.193176     10.227401      5.677028      2.368080
      2.139445      0.239464     26.675324     10.602259      5.838096      2.394645
      2.174947      0.242106     28.229749     10.983365      6.000251      2.421063
      2.210449      0.244734     29.859525     11.370642      6.163451      2.447339
      2.245951      0.247347     31.567849     11.764009      6.327660      2.473474
      2.281453      0.249947     33.358046     12.163386      6.492841      2.499471
      2.316955      0.252533     35.233572     12.568690      6.658957      2.525334
      2.352458      0.255107     37.198022     12.979839      6.825976      2.551066
      2.387960      0.257667     39.255136     13.396746      6.993862      2.576668
      2.423462      0.260214     41.408798     13.819328      7.162585      2.602143
      2.458964      0.262749     43.663048     14.247497      7.332114      2.627495
      2.494466      0.265272     46.022084     14.681168      7.502419      2.652725
      2.529968      0.267783     48.490271     15.120252      7.673470      2.677835
      2.565470      0.270283     51.072144     15.564661      7.845241      2.702828
      2.600973      0.272771     53.772414     16.014308      8.017704      2.727706
      2.636475      0.275247     56.595976     16.469103      8.190834      2.752471
      2.671977      0.277713     59.547919     16.928957      8.364605      2.777126
      2.707479      0.280167     62.633524     17.393781      8.538995      2.801671
      2.742981      0.282611     65.858280     17.863486      8.713979      2.826109
      2.778483      0.285044     69.227887     18.337983      8.889535      2.850442
      2.813985      0.287467     72.748263     18.817183      9.065642      2.874672
      2.849488      0.289880     76.425556     19.300997      9.242279      2.898800
      2.884990      0.292283     80.266145     19.789336      9.419427      2.922828
      2.920492      0.294676     84.276657     20.282112      9.597066      2.946758
      2.955994      0.297059     88.463969     20.779238      9.775177      2.970590
      2.991496      0.299433     92.835218     21.280626      9.953742      2.994328
      3.026998      0.301797     97.397814     21.786189     10.132746      3.017972
      3.062500      0.304152    102.159445     22.295841     10.312170      3.041524
      3.098003      0.306498    107.128088     22.809497     10.491999      3.064984
      3.133505      0.308836    112.312021     23.327072     10.672219      3.088356
      3.169007      0.311164    117.719832     23.848482     10.852813      3.111639
      3.204509      0.313484    123.360428     24.373643     11.033768      3.134835
      3.240011      0.315795    129.243050     24.902473     11.215071      3.157946
      3.275513      0.318097    135.377281     25.434892     11.396708      3.180973
      3.311015      0.320392    141.773059     25.970818     11.578666      3.203917
      3.346518      0.322678    148.440690     26.510171     11.760934      3.226779
      3.382020      0.324956    155.390858     27.052874     11.943499      3.249560
      3.417522      0.327226    162.634642     27.598849     12.126350      3.272261
      3.453024      0.329488    170.183524     28.148019     12.309478      3.294884
      3.488526      0.331743    178.049409     28.700310     12.492870      3.317430
      3.524028      0.333990    186.244632     29.255646     12.676517      3.339899
      3.559530      0.336229    194.781981     29.813955     12.860410      3.362293
      3.595033      0.338461    203.674702     30.375166     13.044540      3.384613
      3.630535      0.340686    212.936525     30.939207     13.228896      3.406859
      3.666037      0.342903    222.581672     31.506008     13.413471      3.429033
      3.701539      0.345114    232.624877     32.075502     13.598257      3.451135
      3.737041      0.347317    243.081402     32.647621     13.783246      3.473167
      3.772543      0.349513    253.967055     33.222300     13.968429      3.495129
      3.808045      0.351702    265.298209     33.799473     14.153800      3.517023
      3.843548      0.353885    277.091817     34.379077     14.339351      3.538848
      3.879050      0.356061    289.365434     34.961050     14.525077      3.560607
      3.914552      0.358230    302.137238     35.545331     14.710969      3.582299
      3.950054      0.360393    315.426047     36.131860     14.897023      3.603925
      3.985556      0.362549    329.251340     36.720578     15.083231      3.625487
      4.021058      0.364699    343.633282     37.311427     15.269588      3.646985
      4.056560      0.366842    358.592742     37.904353     15.456090      3.668420
      4.092063      0.368979    374.151319     38.499298     15.642729      3.689792
      4.127565      0.371110    390.331363     39.096211     15.829501      3.711103
      4.163067      0.373235    407.156000     39.695037     16.016401      3.732353
      4.198569      0.375354    424.649160     40.295726     16.203425      3.753542
      4.234071      0.377467    442.835595     40.898227     16.390568      3.774672
      4.269573      0.379574    461.740913     41.502491     16.577824      3.795742
      4.305076      0.381675    481.391602     42.108470     16.765191      3.816755
      4.340578      0.383771    501.815057     42.716117     16.952664      3.837710
      4.376080      0.385861    523.039611     43.325386     17.140238      3.858607
      4.411582      0.387945    545.094563     43.936232     17.327911      3.879448
      4.447084      0.390023    568.010206     44.548611     17.515679      3.900234
      4.482586      0.392096    591.817866     45.162482     17.703538      3.920964
      4.518088      0.394164    616.549924     45.777802     17.891484      3.941639
      4.553591      0.396226    642.239858     46.394531     18.079515      3.962261
      4.589093      0.398283    668.922272     47.012629     18.267628      3.982829
      4.624595      0.400334    696.632931     47.632058     18.455819      4.003344
      4.660097      0.402381    725.408801     48.252779     18.644085      4.023806
      4.695599      0.404422    755.288082     48.874758     18.832424      4.044217
      4.731101      0.406458    786.310246     49.497957     19.020834      4.064576
      4.766603      0.408488    818.516081     50.122343     19.209311      4.084884
      4.802106      0.410514    851.947726     50.747880     19.397853      4.105142
      4.837608      0.412535    886.648715     51.374537     19.586458      4.125350
      4.873110      0.414551    922.664018     52.002281     19.775123      4.145509
      4.908612      0.416562    960.040088     52.631081     19.963847      4.165619
      4.944114      0.418568    998.824901     53.260907     20.152627      4.185681
      4.979616      0.420569   1039.068009     53.891728     20.341460      4.205694
      5.015118      0.422566   1080.820579     54.523516     20.530346      4.225660
      5.050621      0.424558   1124.135452     55.156244     20.719283      4.245579
      5.086123      0.426545   1169.067183     55.789883     20.908267      4.265451
      5.121625      0.428528   1215.672101     56.424408     21.097299      4.285277
      5.157127      0.430506   1264.008356     57.059792     21.286376      4.305058
      5.192629      0.432479   1314.135980     57.696011     21.475495      4.324793
      5.228131      0.434448   1366.116934     58.333040     21.664657      4.344483
      5.263633      0.436413   1420.015176     58.970856     21.853860      4.364128
      5.299136      0.438373   1475.896712     59.609434     22.043101      4.383730
      5.334638      0.440329   1533.829660     60.248754     22.232379      4.403287
      5.370140      0.442280   1593.884312     60.888793     22.421694      4.422802
      5.405642      0.444227   1656.133201     61.529530     22.611044      4.442273
      5.441144      0.446170   1720.651161     62.170945     22.800428      4.461702
      5.476646      0.448109   1787.515399     62.813018     22.989844      4.481089
      5.512148      0.450043   1856.805564     63.455729     23.179291      4.500434
      5.547651      0.451974   1928.603818     64.099059     23.368769      4.519737
      5.583153      0.453900   2002.994906     64.742990     23.558275      4.538999
      5.618655      0.455822   2080.066239     65.387505     23.747810      4.558220
      5.654157      0.457740   2159.907964     66.032586     23.937372      4.577401
      5.689659      0.459654   2242.613045     66.678216     24.126961      4.596542
      5.725161      0.461564   2328.277347     67.324380     24.316574      4.615643
      5.760663      0.463470   2416.999717     67.971061     24.506212      4.634705
      5.796166      0.465373   2508.882073     68.618243     24.695874      4.653727
      5.831668      0.467271   2604.029487     69.265913     24.885558      4.672711
      5.867170      0.469166   2702.550280     69.914056     25.075264      4.691656
      5.902672      0.471056   2804.556113     70.562658     25.264992      4.710563
      5.938174      0.472943   2910.162083     71.211704     25.454740      4.729433
      5.973676      0.474826   3019.486820     71.861182     25.644507      4.748264
      6.009178      0.476706   3132.652587     72.511080     25.834294      4.767059
      6.044681      0.478582   3249.785385     73.161384     26.024099      4.785816
      6.080183      0.480454   3371.015056     73.812082     26.213922      4.804537
      6.115685      0.482322   3496.475395     74.463163     26.403762      4.823221
      6.151187      0.484187   3626.304256     75.114616     26.593618      4.841869
      6.186689      0.486048   3760.643671     75.766429     26.783491      4.860481
      6.222191      0.487906   3899.639966     76.418592     26.973379      4.879058
      6.257694      0.489760   4043.443879     77.071094     27.163282      4.897600
      6.293196      0.491611   4192.210685     77.723925     27.353199      4.916106
      6.328698      0.493458   4346.100321     78.377076     27.543130      4.934578
      6.364200      0.495301   4505.277518     79.030537     27.733075      4.953015
      6.399702      0.497142   4669.911933     79.684298     27.923033      4.971418
      6.435204      0.498979   4840.178284     80.338352     28.113003      4.989787
      6.470706      0.500812   5016.256489     80.992688     28.302986      5.008122
      6.506209      0.502642   5198.331815     81.647299     28.492980      5.026423
      6.541711      0.504469   5386.595018     82.302177     28.682985      5.044692
      6.577213      0.506293   5581.242498     82.957314     28.873002      5.062927
      6.612715      0.508113   5782.476453     83.612701     29.063029      5.081130
      6.648217      0.509930   5990.505036     84.268332     29.253066      5.099300
      6.683719      0.511744   6205.542520     84.924200     29.443113      5.117438
      6.719221      0.513554   6427.809462     85.580297     29.633170      5.135543
      6.754724      0.515362   6657.532874     86.236617     29.823236      5.153617
      6.790226      0.517166   6894.946402     86.893152     30.013311      5.171659
      6.825728      0.518967   7140.290498     87.549897     30.203395      5.189670
      6.861230      0.520765   7393.812613     88.206846     30.393487      5.207649
      6.896732      0.522560   7655.767376     88.863992     30.583587      5.225598
      6.932234      0.524352   7926.416795     89.521330     30.773695      5.243516
      6.967736      0.526140   8206.030452     90.178853     30.963810      5.261403
      7.003239      0.527926   8494.885702     90.836557     31.153933      5.279260
      7.038741      0.529709   8793.267890     91.494436     31.344062      5.297086
      7.074243      0.531488   9101.470554     92.152485     31.534199      5.314883
      7.109745      0.533265   9419.795650     92.810699     31.724342      5.332650
      7.145247      0.535039   9748.553774     93.469074     31.914492      5.350388
      7.180749      0.536810  10088.064388     94.127603     32.104648      5.368096
      7.216251      0.538577  10438.656060     94.786284     32.294809      5.385775
      7.251754      0.540342  10800.666699     95.445111     32.484977      5.403425
      7.287256      0.542105  11174.443807     96.104080     32.675150      5.421046
      7.322758      0.543864  11560.344727     96.763187     32.865329      5.438639
      7.358260      0.545620  11958.736901     97.422427     33.055512      5.456203
      7.393762      0.547374  12369.998139     98.081798     33.245701      5.473739
      7.429264      0.549125  12794.516886     98.741295     33.435895      5.491247
      7.464766      0.550873  13232.692501     99.400915     33.626094      5.508727
      7.500269      0.552618  13684.935543    100.060653     33.816297      5.526179
      7.535771      0.554360  14151.668059    100.720507     34.006505      5.543604
      7.571273      0.556100  14633.323884    101.380473     34.196717      5.561002
      7.606775      0.557837  15130.348948    102.040548     34.386933      5.578372
      7.642277      0.559572  15643.201584    102.700729     34.577153      5.595715
      7.677779      0.561303  16172.352853    103.361012     34.767377      5.613032
      7.713281      0.563032  16718.286869    104.021395     34.957605      5.630322
      7.748784      0.564758  17281.501133    104.681874     35.147837      5.647585
      7.784286      0.566482  17862.506883    105.342447     35.338072      5.664822
      7.819788      0.568203  18461.829436    106.003112     35.528310      5.682033
      7.855290      0.569922  19080.008558    106.663865     35.718552      5.699218
      7.890792      0.571638  19717.598824    107.324704     35.908797      5.716376
      7.926294      0.573351  20375.170000    107.985627     36.099045      5.733510
      7.961796      0.575062  21053.307427    108.646630     36.289297      5.750617
      7.997299      0.576770  21752.612419    109.307713     36.479551      5.767700
      8.032801      0.578476  22473.702662    109.968872     36.669808      5.784756
      8.068303      0.580179  23217.212633    110.630105     36.860068      5.801788
      8.103805      0.581880  23983.794020    111.291410     37.050330      5.818795
      8.139307      0.583578  24774.116158    111.952786     37.240595      5.835777
      8.174809      0.585273  25588.866469    112.614229     37.430863      5.852735
      8.210311      0.586967  26428.750920    113.275739     37.621133      5.869668
      8.245814      0.588658  27294.494484    113.937313     37.811405      5.886576
      8.281316      0.590346  28186.841616    114.598949     38.001680      5.903460
      8.316818      0.592032  29106.556738    115.260646     38.191957      5.920320
      8.352320      0.593716  30054.424739    115.922402     38.382236      5.937157
      8.387822      0.595397  31031.251480    116.584215     38.572517      5.953969
      8.423324      0.597076  32037.864316    117.246083     38.762800      5.970758
      8.458827      0.598752  33075.112630    117.908006     38.953085      5.987523
      8.494329      0.600426  34143.868374    118.569981     39.143372      6.004264
      8.529831      0.602098  35245.026628    119.232007     39.333661      6.020982
      8.565333      0.603768  36379.506169    119.894082     39.523951      6.037678
      8.600835      0.605435  37548.250054    120.556206     39.714244      6.054350
      8.636337      0.607100  38752.226214    121.218376     39.904538      6.070999
      8.671839      0.608763  39992.428067    121.880592     40.094833      6.087625
      8.707342      0.610423  41269.875137    122.542852     40.285130      6.104229
      8.742844      0.612081  42585.613695    123.205155     40.475429      6.120810
      8.778346      0.613737  43940.717406    123.867499     40.665729      6.137369
      8.813848      0.615391  45336.288002    124.529884     40.856031      6.153905
      8.849350      0.617042  46773.455955    125.192309     41.046333      6.170419
      8.884852      0.618691  48253.381182    125.854772     41.236638      6.186911
      8.920354      0.620338  49777.253750    126.517272     41.426943      6.203382
      8.955857      0.621983  51346.294609    127.179808     41.617250      6.219830
      8.991359      0.623626  52961.756336    127.842379     41.807558      6.236256
      9.026861      0.625266  54624.923893    128.504984     41.997868      6.252661
      9.062363      0.626904  56337.115407    129.167623     42.188178      6.269045
      9.097865      0.628541  58099.682968    129.830294     42.378490      6.285407
      9.133367      0.630175  59914.013435    130.492996     42.568802      6.301748
      9.168869      0.631807  61781.529276    131.155729     42.759116      6.318068
      9.204372      0.633437  63703.689409    131.818492     42.949431      6.334366
      9.239874      0.635064  65681.990077    132.481283     43.139747      6.350644
      9.275376      0.636690  67717.965729    133.144102     43.330063      6.366901
      9.310878      0.638314  69813.189933    133.806949     43.520381      6.383137
      9.346380      0.639935  71969.276297    134.469822     43.710700      6.399353
      9.381882      0.641555  74187.879422    135.132721     43.901019      6.415548
      9.417384      0.643172  76470.695864    135.795645     44.091340      6.431722
      9.452887      0.644788  78819.465127    136.458594     44.281661      6.447877
      9.488389      0.646401  81235.970673    137.121566     44.471983      6.464011
      9.523891      0.648012  83722.040951    137.784561     44.662305      6.480125
      9.559393      0.649622  86279.550459    138.447579     44.852629      6.496219
      9.594895      0.651229  88910.420816    139.110618     45.042953      6.512293
      9.630397      0.652835  91616.621865    139.773679     45.233278      6.528347
      9.665899      0.654438  94400.172800    140.436760     45.423604      6.544381
      9.701402      0.656040  97263.143313    141.099862     45.613930      6.560396
      9.736904      0.657639 100207.654771    141.762982     45.804257      6.576392
      9.772406      0.659237 103235.881413    142.426122     45.994585      6.592368
      9.807908      0.660832 106350.051578    143.089281     46.184913      6.608324
      9.843410      0.662426 109552.448956    143.752457     46.375242      6.624262
      9.878912      0.664018 112845.413864    144.415651     46.565572      6.640180
      9.914414      0.665608 116231.344556    145.078862     46.755902      6.656079
      9.949917      0.667196 119712.698556    145.742089     46.946232      6.671959
      9.985419      0.668782 123291.994019    146.405333     47.136564      6.687820
     10.020921      0.670366 126971.811122    147.068592     47.326895      6.703663
     10.056423      0.671949 130754.793489    147.731866     47.517227      6.719487
     10.091925      0.673529 134643.649636    148.395156     47.707560      6.735292
     10.127427      0.675108 138641.154458    149.058459     47.897893      6.751079
     10.162929      0.676685 142750.150742    149.721777     48.088227      6.766847
     10.198432      0.678260 146973.550709    150.385108     48.278561      6.782597
     10.233934      0.679833 151314.337596    151.048453     48.468895      6.798329
     10.269436      0.681404 155775.567264    151.711811     48.659230      6.814042
     10.304938      0.682974 160360.369844    152.375181     48.849566      6.829737
     10.340440      0.684541 165071.951419    153.038564     49.039902      6.845415
     10.375942      0.686107 169913.595736    153.701958     49.230238      6.861074
     10.411444      0.687672 174888.665956    154.365364     49.420574      6.876716
     10.446947      0.689234 180000.606447    155.028782     49.610911      6.892340
     10.482449      0.690795 185252.944601    155.692210     49.801248      6.907946
     10.517951      0.692353 190649.292704    156.355649     49.991586      6.923534
     10.553453      0.693911 196193.349831    157.019099     50.181924      6.939105
     10.588955      0.695466 201888.903792    157.682558     50.372262      6.954659
     10.624457      0.697019 207739.833112    158.346028     50.562601      6.970195
     10.659960      0.698571 213750.109050    159.009507     50.752940      6.985714
     10.695462      0.700122 219923.797668    159.672996     50.943279      7.001215
     10.730964      0.701670 226265.061936    160.336494     51.133619      7.016700
     10.766466      0.703217 232778.163881    161.000000     51.323958      7.032167
     10.801968      0.704762 239467.466781    161.663516     51.514298      7.047618
     10.837470      0.706305 246337.437407    162.327039     51.704639      7.063051
     10.872972      0.707847 253392.648308    162.990571     51.894979      7.078468
     10.908475      0.709387 260637.780142    163.654111     52.085320      7.093868
     10.943977      0.710925 268077.624056    164.317659     52.275662      7.109251
     10.979479      0.712462 275717.084117    164.981214     52.466003      7.124618
     11.014981      0.713997 283561.179787    165.644777     52.656345      7.139968
     11.050483      0.715530 291615.048456    166.308347     52.846686      7.155301
     11.085985      0.717062 299883.948015    166.971923     53.037028      7.170618
     11.121487      0.718592 308373.259499    167.635507     53.227371      7.185919
     11.156990      0.720120 317088.489764    168.299097     53.417713      7.201204
     11.192492      0.721647 326035.274229    168.962694     53.608056      7.216472
     11.227994      0.723172 335219.379677    169.626297     53.798399      7.231724
     11.263496      0.724696 344646.707100    170.289906     53.988742      7.246960
     11.298998      0.726218 354323.294615    170.953522     54.179085      7.262181
     11.334500      0.727738 364255.320426    171.617143     54.369429      7.277385
     11.370002      0.729257 374449.105857    172.280769     54.559773      7.292573
     11.405505      0.730775 384911.118440    172.944402     54.750116      7.307746
     11.441007      0.732290 395647.975061    173.608039     54.940460      7.322902
     11.476509      0.733804 406666.445180    174.271682     55.130805      7.338044
     11.512011      0.735317 417973.454105    174.935330     55.321149      7.353169
     11.547513      0.736828 429576.086334    175.598983     55.511493      7.368279
     11.583015      0.738337 441481.588968    176.262641     55.701838      7.383373
     11.618517      0.739845 453697.375189    176.926303     55.892183      7.398453
     11.654020      0.741352 466231.027801    177.589971     56.082528      7.413516
     11.689522      0.742856 479090.302855    178.253642     56.272873      7.428565
     11.725024      0.744360 492283.133330    178.917318     56.463218      7.443598
     11.760526      0.745862 505817.632902    179.580999     56.653564      7.458616
     11.796028      0.747362 519702.099773    180.244683     56.843909      7.473619
     11.831530      0.748861 533945.020587    180.908372     57.034255      7.488607
     11.867032      0.750358 548555.074418    181.572064     57.224600      7.503580
     11.902535      0.751854 563541.136836    182.235761     57.414946      7.518538
     11.938037      0.753348 578912.284054    182.899461     57.605292      7.533481
     11.973539      0.754841 594677.797156    183.563165     57.795638      7.548409
     12.009041      0.756332 610847.166409    184.226872     57.985985      7.563323
     12.044543      0.757822 627430.095658    184.890583     58.176331      7.578222
     12.080045      0.759311 644436.506808    185.554297     58.366677      7.593106
     12.115547      0.760798 661876.544388    186.218015     58.557024      7.607976
     12.151050      0.762283 679760.580214    186.881735     58.747371      7.622831
     12.186552      0.763767 698099.218135    187.545459     58.937717      7.637672
     12.222054      0.765250 716903.298873    188.209186     59.128064      7.652498
     12.257556      0.766731 736183.904954    188.872916     59.318411      7.667310
     12.293058      0.768211 755952.365743    189.536649     59.508758      7.682107
     12.328560      0.769689 776220.262568    190.200385     59.699105      7.696891
     12.364062      0.771166 796999.433943    190.864123     59.889452      7.711660
     12.399565      0.772642 818301.980902    191.527865     60.079800      7.726415
     12.435067      0.774116 840140.272418    192.191608     60.270147      7.741156
     12.470569      0.775588 862526.950944    192.855355     60.460494      7.755883
     12.506071      0.777060 885474.938051    193.519104     60.650842      7.770596
     12.541573      0.778530 908997.440174    194.182855     60.841189      7.785295
     12.577075      0.779998 933107.954469    194.846609     61.031537      7.799981
     12.612577      0.781465 957820.274788    195.510365     61.221885      7.814652
     12.648080      0.782931 983148.497756    196.174123     61.412233      7.829310
     12.683582      0.7843951009107.028975    196.837884     61.602580      7.843954
     12.719084      0.7858581035710.589342    197.501647     61.792928      7.858584
     12.754586      0.7873201062974.221484    198.165411     61.983276      7.873201
     12.790088      0.7887801090913.296320    198.829178     62.173624      7.887804
     12.825590      0.7902391119543.519747    199.492947     62.363972      7.902394
     12.861093      0.7916971148880.939448    200.156718     62.554321      7.916970
     12.896595      0.7931531178941.951835    200.820491     62.744669      7.931533
     12.932097      0.7946081209743.309116    201.484265     62.935017      7.946082
     12.967599      0.7960621241302.126506    202.148042     63.125366      7.960618
     13.003101      0.7975141273635.889561    202.811820     63.315714      7.975141
     13.038603      0.7989651306762.461657    203.475600     63.506062      7.989651
     13.074105      0.8004151340700.091612    204.139382     63.696411      8.004147
     13.109608      0.8018631375467.421445    204.803165     63.886759      8.018631
     13.145110      0.8033101411083.494282    205.466950     64.077108      8.033101
     13.180612      0.8047561447567.762416    206.130736     64.267457      8.047558
     13.216114      0.8062001484940.095504    206.794524     64.457805      8.062003
     13.251616      0.8076431523220.788933    207.458314     64.648154      8.076434
     13.287118      0.8090851562430.572331    208.122105     64.838503      8.090853
     13.322620      0.8105261602590.618240    208.785897     65.028852      8.105258
     13.358123      0.8119651643722.550948    209.449691     65.219201      8.119651
     13.393625      0.8134031685848.455491    210.113486     65.409550      8.134031
     13.429127      0.8148401728990.886815    210.777282     65.599898      8.148399
     13.464629      0.8162751773172.879108    211.441080     65.790247      8.162753
     13.500131      0.8177101818417.955313    212.104879     65.980596      8.177096
     13.535633      0.8191431864750.136802    212.768679     66.170946      8.191425
     13.571135      0.8205741912193.953246    213.432480     66.361295      8.205742
     13.606638      0.8220051960774.452648    214.096283     66.551644      8.220047
     13.642140      0.8234342010517.211578    214.760087     66.741993      8.234339
     13.677642      0.8248622061448.345583    215.423892     66.932342      8.248619
     13.713144      0.8262892113594.519795    216.087698     67.122691      8.262886
     13.748646      0.8277142166982.959731    216.751504     67.313041      8.277141
     13.784148      0.8291382221641.462290    217.415313     67.503390      8.291384
     13.819650      0.8305612277598.406951    218.079122     67.693739      8.305615
     13.855153      0.8319832334882.767179    218.742932     67.884089      8.319833
     13.890655      0.8334042393524.122033    219.406743     68.074438      8.334040
     13.926157      0.8348232453552.667991    220.070555     68.264787      8.348234
     13.961659      0.8362422514999.230982    220.734367     68.455137      8.362416
     13.997161      0.8376592577895.278647    221.398181     68.645486      8.376586
     14.032663      0.8390742642272.932814    222.061996     68.835836      8.390744
     14.068165      0.8404892708164.982203    222.725811     69.026185      8.404891
     14.103668      0.8419022775604.895358    223.389628     69.216535      8.419025
     14.139170      0.8433152844626.833814    224.053445     69.406885      8.433147
     14.174672      0.8447262915265.665504    224.717263     69.597234      8.447258
     14.210174      0.8461362987556.978400    225.381082     69.787584      8.461357
     14.245676      0.8475443061537.094412    226.044901     69.977933      8.475444
     14.281178      0.8489523137243.083521    226.708721     70.168283      8.489520
     14.316680      0.8503583214712.778179    227.372542     70.358633      8.503583
     14.352183      0.8517643293984.787961    228.036364     70.548982      8.517636
     14.387685      0.8531683375098.514478    228.700186     70.739332      8.531676
     14.423187      0.8545713458094.166563    229.364009     70.929682      8.545705
     14.458689      0.8559723543012.775719    230.027833     71.120032      8.559723
     14.494191      0.8573733629896.211852    230.691658     71.310381      8.573729
     14.529693      0.8587723718787.199276    231.355483     71.500731      8.587723
     14.565195      0.8601713809729.333010    232.019308     71.691081      8.601707
     14.600698      0.8615683902767.095358    232.683134     71.881431      8.615679
     14.636200      0.8629643997945.872788    233.346961     72.071781      8.629639
     14.671702      0.8643594095311.973106    234.010789     72.262131      8.643588
     14.707204      0.8657534194912.642939    234.674617     72.452481      8.657527
     14.742706      0.8671454296796.085525    235.338445     72.642830      8.671453
     14.778208      0.8685374401011.478812    236.002274     72.833180      8.685369
     14.813710      0.8699274507608.993886    236.666104     73.023530      8.699274
     14.849213      0.8713174616639.813714    237.329934     73.213880      8.713167
     14.884715      0.8727054728156.152225    237.993765     73.404230      8.727049
     14.920217      0.8740924842211.273719    238.657596     73.594580      8.740921
     14.955719      0.8754784958859.512620    239.321427     73.784930      8.754781
     14.991221      0.8768635078156.293578    239.985259     73.975280      8.768630
     15.026723      0.8782475200158.151919    240.649092     74.165630      8.782469
     15.062226      0.8796305324922.754449    241.312925     74.355980      8.796296
     15.097728      0.8810115452508.920634    241.976758     74.546330      8.810113
     15.133230      0.8823925582976.644134    242.640592     74.736680      8.823919
     15.168732      0.8837715716387.114724    243.304426     74.927031      8.837714
     15.204234      0.8851505852802.740588    243.968261     75.117381      8.851498
     15.239736      0.8865275992287.171010    244.632096     75.307731      8.865272
     15.275238      0.8879036134905.319446    245.295931     75.498081      8.879035
     15.310741      0.8892796280723.387009    245.959767     75.688431      8.892787
     15.346243      0.8906536429808.886353    246.623603     75.878781      8.906528
     15.381745      0.8920266582230.665970    247.287440     76.069131      8.920259
     15.417247      0.8933986738058.934911    247.951277     76.259481      8.933980
     15.452749      0.8947696897365.287930    248.615114     76.449832      8.947690
     15.488251      0.8961397060222.731063    249.278952     76.640182      8.961389
     15.523753      0.8975087226705.707646    249.942789     76.830532      8.975078
     15.559256      0.8988767396890.124783    250.606628     77.020882      8.988757
     15.594758      0.9002427570853.380263    251.270466     77.211232      9.002425
     15.630260      0.9016087748674.389946    251.934305     77.401583      9.016083
     15.665762      0.9029737930433.615611    252.598144     77.591933      9.029730
     15.701264      0.9043378116213.093286    253.261984     77.782283      9.043367
     15.736766      0.9056998306096.462060    253.925824     77.972633      9.056994
     15.772268      0.9070618500168.993386    254.589664     78.162983      9.070611
     15.807771      0.9084228698517.620883    255.253504     78.353334      9.084217
     15.843273      0.9097818901230.970651    255.917345     78.543684      9.097813
     15.878775      0.9111409108399.392095    256.581186     78.734034      9.111399
     15.914277      0.9124989320114.989272    257.245027     78.924385      9.124975
     15.949779      0.9138549536471.652782    257.908868     79.114735      9.138541
     15.985281      0.9152109757565.092182    258.572710     79.305085      9.152097
     16.020783      0.9165649983492.868963    259.236552     79.495435      9.165643
     16.056286      0.91791810214354.430076    259.900394     79.685786      9.179178
     16.091788      0.91927010450251.142031    260.564236     79.876136      9.192704
     16.127290      0.92062210691286.325564    261.228079     80.066486      9.206220
     16.162792      0.92197310937565.290897    261.891922     80.256837      9.219726
     16.198294      0.92332211189195.373581    262.555765     80.447187      9.233222
     16.233796      0.92467111446285.970950    263.219608     80.637537      9.246708
     16.269298      0.92601811708948.579187    263.883451     80.827888      9.260184
     16.304801      0.92736511977296.831004    264.547295     81.018238      9.273651
     16.340303      0.92871112251446.533962    265.211139     81.208588      9.287108
     16.375805      0.93005512531515.709427    265.874983     81.398939      9.300555
     16.411307      0.93139912817624.632182    266.538827     81.589289      9.313992
     16.446809      0.93274213109895.870693    267.202672     81.779639      9.327420
     16.482311      0.93408413408454.328055    267.866516     81.969990      9.340838
     16.517813      0.93542513713427.283612    268.530361     82.160340      9.354246
     16.553316      0.93676414024944.435278    269.194206     82.350691      9.367645
     16.588818      0.93810314343137.942556    269.858051     82.541041      9.381034
     16.624320      0.93944114668142.470268    270.521896     82.731391      9.394414
     16.659822      0.94077815000095.233021    271.185742     82.921742      9.407784
     16.695324      0.94211415339136.040400    271.849588     83.112092      9.421144
     16.730826      0.94345015685407.342911    272.513433     83.302443      9.434495
     16.766328      0.94478416039054.278685    273.177279     83.492793      9.447837
     16.801831      0.94611716400224.720952    273.841125     83.683143      9.461169
     16.837333      0.94744916769069.326300    274.504972     83.873494      9.474492
     16.872835      0.94878117145741.583723    275.168818     84.063844      9.487806
     16.908337      0.95011117530397.864484    275.832665     84.254195      9.501110
     16.943839      0.95144017923197.472790    276.496511     84.444545      9.514405
     16.979341      0.95276918324302.697307    277.160358     84.634896      9.527691
     17.014844      0.95409718733878.863508    277.824205     84.825246      9.540967
     17.050346      0.95542319152094.386892    278.488052     85.015597      9.554234
     17.085848      0.95674919579120.827063    279.151899     85.205947      9.567492
     17.121350      0.95807420015132.942700    279.815747     85.396297      9.580741
     17.156852      0.95939820460308.747419    280.479594     85.586648      9.593980
     17.192354      0.96072120914829.566552    281.143442     85.776998      9.607211
     17.227856      0.96204321378880.094840    281.807289     85.967349      9.620432
     17.263359      0.96336421852648.455081    282.471137     86.157699      9.633644
     17.298861      0.96468522336326.257715    283.134985     86.348050      9.646848
     17.334363      0.96600422830108.661388    283.798833     86.538400      9.660042
     17.369865      0.96732323334194.434491    284.462681     86.728751      9.673227
     17.405367      0.96864023848786.017700    285.126529     86.919101      9.686403
     17.440869      0.96995724374089.587525    285.790378     87.109452      9.699570
     17.476371      0.97127324910315.120890    286.454226     87.299802      9.712729
     17.511874      0.97258825457676.460751    287.118075     87.490153      9.725878
     17.547376      0.97390226016391.382776    287.781923     87.680503      9.739019
     17.582878      0.97521526586681.663101    288.445772     87.870854      9.752150
     17.618380      0.97652727168773.147166    289.109621     88.061204      9.765273
     17.653882      0.97783927762895.819673    289.773470     88.251555      9.778387
     17.689384      0.97914928369283.875655    290.437319     88.441905      9.791493
     17.724886      0.98045928988175.792690    291.101168     88.632256      9.804589
     17.760389      0.98176829619814.404272    291.765017     88.822606      9.817677
     17.795891      0.98307630264446.974359    292.428866     89.012957      9.830756
     17.831393      0.98438330922325.273102    293.092715     89.203307      9.843826
     17.866895      0.98568931593705.653802    293.756565     89.393658      9.856888
     17.902397      0.98699432278849.131076    294.420414     89.584008      9.869941
     17.937899      0.98829932978021.460281    295.084264     89.774359      9.882985
     17.973401      0.98960233691493.218197    295.748113     89.964709      9.896021
     18.008904      0.99090534419539.884995    296.411963     90.155060      9.909048
     18.044406      0.99220735162441.927509    297.075813     90.345410      9.922067
     18.079908      0.99350835920484.883822    297.739663     90.535761      9.935077
     18.115410      0.99480836693959.449205    298.403513     90.726111      9.948078
     18.150912      0.99610737483161.563403    299.067363     90.916462      9.961071
     18.186414      0.99740638288392.499316    299.731213     91.106812      9.974056
     18.221916      0.99870339109958.953069    300.395063     91.297163      9.987032
     18.257419      1.00000039948173.135507    301.058913     91.487513     10.000000
