      0.577350       0.100000       1.000000       0.800000       0.600000       1.000000
      0.612852       0.104059       1.055745       0.852575       0.652374       1.040585
      0.648355       0.108039       1.111467       0.905607       0.705815       1.080394
      0.683857       0.111948       1.167156       0.959044       0.760215       1.119482
      0.719359       0.115790       1.222805       1.012841       0.815484       1.157899
      0.754861       0.119569       1.278408       1.066960       0.871543       1.195689
      0.790363       0.123289       1.333960       1.121369       0.928326       1.232892
      0.825865       0.126954       1.389458       1.176040       0.985772       1.269540
      0.861367       0.130567       1.444900       1.230949       1.043831       1.305668
      0.896870       0.134130       1.500285       1.286075       1.102457       1.341302
      0.932372       0.137647       1.555610       1.341399       1.161610       1.376469
      0.967874       0.141119       1.610877       1.396905       1.221253       1.411193
      1.003376       0.144549       1.666084       1.452579       1.281356       1.445494
      1.038878       0.147939       1.721231       1.508408       1.341889       1.479393
      1.074380       0.151291       1.776320       1.564381       1.402825       1.512908
      1.109882       0.154606       1.831349       1.620488       1.464142       1.546055
      1.145385       0.157885       1.886321       1.676720       1.525818       1.578852
      1.180887       0.161131       1.941235       1.733067       1.587833       1.611311
      1.216389       0.164345       1.996091       1.789524       1.650170       1.643446
      1.251891       0.167527       2.050892       1.846082       1.712812       1.675270
      1.287393       0.170679       2.105638       1.902737       1.775745       1.706794
      1.322895       0.173803       2.160330       1.959481       1.838953       1.738031
      1.358397       0.176899       2.214968       2.016311       1.902425       1.768988
      1.393900       0.179968       2.269553       2.073221       1.966149       1.799678
      1.429402       0.183011       2.324087       2.130208       2.030113       1.830108
      1.464904       0.186029       2.378571       2.187266       2.094307       1.860287
      1.500406       0.189022       2.433004       2.244392       2.158722       1.890223
      1.535908       0.191992       2.487389       2.301584       2.223349       1.919923
      1.571410       0.194940       2.541726       2.358837       2.288179       1.949396
      1.606912       0.197865       2.596015       2.416149       2.353205       1.978648
      1.642415       0.200769       2.650259       2.473518       2.418419       2.007685
      1.677917       0.203651       2.704457       2.530939       2.483815       2.036514
      1.713419       0.206514       2.758611       2.588412       2.549385       2.065140
      1.748921       0.209357       2.812721       2.645934       2.615124       2.093569
      1.784423       0.212181       2.866788       2.703502       2.681026       2.121806
      1.819925       0.214986       2.920813       2.761116       2.747086       2.149856
      1.855427       0.217773       2.974797       2.818772       2.813298       2.177725
      1.890930       0.220542       3.028740       2.876470       2.879657       2.205417
      1.926432       0.223294       3.082644       2.934207       2.946159       2.232935
      1.961934       0.226029       3.136508       2.991983       3.012800       2.260286
      1.997436       0.228747       3.190334       3.049795       3.079575       2.287471
      2.032938       0.231450       3.244122       3.107643       3.146480       2.314497
      2.068440       0.234136       3.297873       3.165525       3.213512       2.341365
      2.103943       0.236808       3.351588       3.223439       3.280667       2.368080
      2.139445       0.239464       3.405266       3.281385       3.347941       2.394645
      2.174947       0.242106       3.458910       3.339362       3.415331       2.421063
      2.210449       0.244734       3.512519       3.397368       3.482835       2.447339
      2.245951       0.247347       3.566094       3.455403       3.550448       2.473474
      2.281453       0.249947       3.619636       3.513466       3.618169       2.499471
      2.316955       0.252533       3.673145       3.571555       3.685994       2.525334
      2.352458       0.255107       3.726621       3.629671       3.753921       2.551066
      2.387960       0.257667       3.780066       3.687811       3.821947       2.576668
      2.423462       0.260214       3.833479       3.745976       3.890070       2.602143
      2.458964       0.262749       3.886862       3.804164       3.958287       2.627495
      2.494466       0.265272       3.940214       3.862375       4.026597       2.652725
      2.529968       0.267783       3.993537       3.920608       4.094997       2.677835
      2.565470       0.270283       4.046830       3.978863       4.163485       2.702828
      2.600973       0.272771       4.100094       4.037139       4.232059       2.727706
      2.636475       0.275247       4.153330       4.095435       4.300717       2.752471
      2.671977       0.277713       4.206538       4.153751       4.369458       2.777126
      2.707479       0.280167       4.259718       4.212087       4.438279       2.801671
      2.742981       0.282611       4.312871       4.270441       4.507179       2.826109
      2.778483       0.285044       4.365997       4.328813       4.576156       2.850442
      2.813985       0.287467       4.419097       4.387203       4.645208       2.874672
      2.849488       0.289880       4.472171       4.445610       4.714335       2.898800
      2.884990       0.292283       4.525219       4.504034       4.783534       2.922828
      2.920492       0.294676       4.578242       4.562475       4.852804       2.946758
      2.955994       0.297059       4.631240       4.620932       4.922144       2.970590
      2.991496       0.299433       4.684214       4.679404       4.991553       2.994328
      3.026998       0.301797       4.737163       4.737891       5.061028       3.017972
      3.062500       0.304152       4.790089       4.796394       5.130569       3.041524
      3.098003       0.306498       4.842991       4.854911       5.200175       3.064984
      3.133505       0.308836       4.895870       4.913442       5.269843       3.088356
      3.169007       0.311164       4.948725       4.971987       5.339575       3.111639
      3.204509       0.313484       5.001559       5.030546       5.409367       3.134835
      3.240011       0.315795       5.054370       5.089118       5.479219       3.157946
      3.275513       0.318097       5.107159       5.147702       5.549130       3.180973
      3.311015       0.320392       5.159926       5.206300       5.619099       3.203917
      3.346518       0.322678       5.212672       5.264910       5.689124       3.226779
      3.382020       0.324956       5.265396       5.323532       5.759206       3.249560
      3.417522       0.327226       5.318100       5.382166       5.829343       3.272261
      3.453024       0.329488       5.370783       5.440811       5.899534       3.294884
      3.488526       0.331743       5.423446       5.499468       5.969778       3.317430
      3.524028       0.333990       5.476088       5.558136       6.040074       3.339899
      3.559530       0.336229       5.528711       5.616815       6.110422       3.362293
      3.595033       0.338461       5.581314       5.675504       6.180820       3.384613
      3.630535       0.340686       5.633898       5.734205       6.251268       3.406859
      3.666037       0.342903       5.686462       5.792915       6.321766       3.429033
      3.701539       0.345114       5.739008       5.851635       6.392311       3.451135
      3.737041       0.347317       5.791535       5.910366       6.462904       3.473167
      3.772543       0.349513       5.844043       5.969106       6.533545       3.495129
      3.808045       0.351702       5.896534       6.027855       6.604231       3.517023
      3.843548       0.353885       5.949006       6.086614       6.674963       3.538848
      3.879050       0.356061       6.001460       6.145382       6.745739       3.560607
      3.914552       0.358230       6.053896       6.204159       6.816560       3.582299
      3.950054       0.360393       6.106316       6.262945       6.887424       3.603925
      3.985556       0.362549       6.158717       6.321739       6.958331       3.625487
      4.021058       0.364699       6.211102       6.380542       7.029280       3.646985
      4.056560       0.366842       6.263470       6.439353       7.100271       3.668420
      4.092063       0.368979       6.315821       6.498173       7.171304       3.689792
      4.127565       0.371110       6.368156       6.557000       7.242376       3.711103
      4.163067       0.373235       6.420475       6.615836       7.313489       3.732353
      4.198569       0.375354       6.472777       6.674679       7.384641       3.753542
      4.234071       0.377467       6.525063       6.733530       7.455833       3.774672
      4.269573       0.379574       6.577334       6.792388       7.527062       3.795742
      4.305076       0.381675       6.629589       6.851254       7.598330       3.816755
      4.340578       0.383771       6.681828       6.910127       7.669634       3.837710
      4.376080       0.385861       6.734052       6.969008       7.740976       3.858607
      4.411582       0.387945       6.786261       7.027895       7.812355       3.879448
      4.447084       0.390023       6.838455       7.086789       7.883769       3.900234
      4.482586       0.392096       6.890634       7.145690       7.955219       3.920964
      4.518088       0.394164       6.942798       7.204598       8.026704       3.941639
      4.553591       0.396226       6.994948       7.263512       8.098223       3.962261
      4.589093       0.398283       7.047084       7.322433       8.169777       3.982829
      4.624595       0.400334       7.099205       7.381361       8.241365       4.003344
      4.660097       0.402381       7.151312       7.440294       8.312986       4.023806
      4.695599       0.404422       7.203405       7.499234       8.384640       4.044217
      4.731101       0.406458       7.255484       7.558180       8.456326       4.064576
      4.766603       0.408488       7.307550       7.617132       8.528045       4.084884
      4.802106       0.410514       7.359601       7.676090       8.599796       4.105142
      4.837608       0.412535       7.411640       7.735053       8.671578       4.125350
      4.873110       0.414551       7.463665       7.794023       8.743392       4.145509
      4.908612       0.416562       7.515677       7.852998       8.815236       4.165619
      4.944114       0.418568       7.567676       7.911979       8.887111       4.185681
      4.979616       0.420569       7.619662       7.970965       8.959015       4.205694
      5.015118       0.422566       7.671635       8.029957       9.030950       4.225660
      5.050621       0.424558       7.723595       8.088954       9.102913       4.245579
      5.086123       0.426545       7.775543       8.147956       9.174906       4.265451
      5.121625       0.428528       7.827478       8.206963       9.246928       4.285277
      5.157127       0.430506       7.879401       8.265976       9.318978       4.305058
      5.192629       0.432479       7.931311       8.324994       9.391056       4.324793
      5.228131       0.434448       7.983210       8.384017       9.463162       4.344483
      5.263633       0.436413       8.035096       8.443044       9.535296       4.364128
      5.299136       0.438373       8.086970       8.502077       9.607457       4.383730
      5.334638       0.440329       8.138833       8.561114       9.679645       4.403287
      5.370140       0.442280       8.190684       8.620156       9.751859       4.422802
      5.405642       0.444227       8.242523       8.679203       9.824100       4.442273
      5.441144       0.446170       8.294351       8.738254       9.896367       4.461702
      5.476646       0.448109       8.346167       8.797310       9.968660       4.481089
      5.512148       0.450043       8.397972       8.856371      10.040979       4.500434
      5.547651       0.451974       8.449766       8.915436      10.113323       4.519737
      5.583153       0.453900       8.501548       8.974505      10.185692       4.538999
      5.618655       0.455822       8.553320       9.033578      10.258085       4.558220
      5.654157       0.457740       8.605080       9.092656      10.330504       4.577401
      5.689659       0.459654       8.656830       9.151738      10.402947       4.596542
      5.725161       0.461564       8.708569       9.210825      10.475414       4.615643
      5.760663       0.463470       8.760297       9.269915      10.547905       4.634705
      5.796166       0.465373       8.812014       9.329009      10.620419       4.653727
      5.831668       0.467271       8.863721       9.388108      10.692957       4.672711
      5.867170       0.469166       8.915418       9.447210      10.765518       4.691656
      5.902672       0.471056       8.967104       9.506316      10.838103       4.710563
      5.938174       0.472943       9.018780       9.565427      10.910709       4.729433
      5.973676       0.474826       9.070446       9.624541      10.983339       4.748264
      6.009178       0.476706       9.122102       9.683659      11.055991       4.767059
      6.044681       0.478582       9.173747       9.742780      11.128665       4.785816
      6.080183       0.480454       9.225383       9.801905      11.201361       4.804537
      6.115685       0.482322       9.277009       9.861034      11.274079       4.823221
      6.151187       0.484187       9.328625       9.920167      11.346818       4.841869
      6.186689       0.486048       9.380231       9.979303      11.419579       4.860481
      6.222191       0.487906       9.431828      10.038443      11.492361       4.879058
      6.257694       0.489760       9.483415      10.097586      11.565163       4.897600
      6.293196       0.491611       9.534992      10.156732      11.637987       4.916106
      6.328698       0.493458       9.586560      10.215882      11.710831       4.934578
      6.364200       0.495301       9.638119      10.275036      11.783696       4.953015
      6.399702       0.497142       9.689669      10.334192      11.856581       4.971418
      6.435204       0.498979       9.741209      10.393352      11.929486       4.989787
      6.470706       0.500812       9.792740      10.452516      12.002411       5.008122
      6.506209       0.502642       9.844262      10.511682      12.075355       5.026423
      6.541711       0.504469       9.895775      10.570852      12.148320       5.044692
      6.577213       0.506293       9.947279      10.630025      12.221303       5.062927
      6.612715       0.508113       9.998774      10.689201      12.294306       5.081130
      6.648217       0.509930      10.050261      10.748380      12.367328       5.099300
      6.683719       0.511744      10.101738      10.807562      12.440369       5.117438
      6.719221       0.513554      10.153207      10.866747      12.513429       5.135543
      6.754724       0.515362      10.204667      10.925935      12.586507       5.153617
      6.790226       0.517166      10.256119      10.985127      12.659604       5.171659
      6.825728       0.518967      10.307562      11.044321      12.732719       5.189670
      6.861230       0.520765      10.358996      11.103518      12.805852       5.207649
      6.896732       0.522560      10.410423      11.162718      12.879004       5.225598
      6.932234       0.524352      10.461841      11.221920      12.952173       5.243516
      6.967736       0.526140      10.513250      11.281126      13.025360       5.261403
      7.003239       0.527926      10.564651      11.340334      13.098564       5.279260
      7.038741       0.529709      10.616045      11.399545      13.171786       5.297086
      7.074243       0.531488      10.667430      11.458759      13.245025       5.314883
      7.109745       0.533265      10.718807      11.517976      13.318282       5.332650
      7.145247       0.535039      10.770176      11.577195      13.391556       5.350388
      7.180749       0.536810      10.821537      11.636417      13.464846       5.368096
      7.216251       0.538577      10.872890      11.695642      13.538153       5.385775
      7.251754       0.540342      10.924235      11.754869      13.611477       5.403425
      7.287256       0.542105      10.975573      11.814099      13.684818       5.421046
      7.322758       0.543864      11.026902      11.873331      13.758174       5.438639
      7.358260       0.545620      11.078224      11.932566      13.831548       5.456203
      7.393762       0.547374      11.129539      11.991803      13.904937       5.473739
      7.429264       0.549125      11.180846      12.051043      13.978342       5.491247
      7.464766       0.550873      11.232145      12.110285      14.051764       5.508727
      7.500269       0.552618      11.283437      12.169530      14.125201       5.526179
      7.535771       0.554360      11.334721      12.228777      14.198654       5.543604
      7.571273       0.556100      11.385998      12.288027      14.272122       5.561002
      7.606775       0.557837      11.437267      12.347279      14.345606       5.578372
      7.642277       0.559572      11.488530      12.406533      14.419105       5.595715
      7.677779       0.561303      11.539785      12.465790      14.492620       5.613032
      7.713281       0.563032      11.591032      12.525049      14.566149       5.630322
      7.748784       0.564758      11.642273      12.584310      14.639694       5.647585
      7.784286       0.566482      11.693506      12.643573      14.713254       5.664822
      7.819788       0.568203      11.744733      12.702839      14.786828       5.682033
      7.855290       0.569922      11.795952      12.762107      14.860417       5.699218
      7.890792       0.571638      11.847165      12.821377      14.934021       5.716376
      7.926294       0.573351      11.898370      12.880650      15.007639       5.733510
      7.961796       0.575062      11.949568      12.939924      15.081272       5.750617
      7.997299       0.576770      12.000760      12.999201      15.154919       5.767700
      8.032801       0.578476      12.051945      13.058480      15.228580       5.784756
      8.068303       0.580179      12.103123      13.117761      15.302256       5.801788
      8.103805       0.581880      12.154294      13.177044      15.375945       5.818795
      8.139307       0.583578      12.205458      13.236329      15.449648       5.835777
      8.174809       0.585273      12.256616      13.295616      15.523365       5.852735
      8.210311       0.586967      12.307768      13.354905      15.597096       5.869668
      8.245814       0.588658      12.358912      13.414196      15.670841       5.886576
      8.281316       0.590346      12.410050      13.473490      15.744599       5.903460
      8.316818       0.592032      12.461182      13.532785      15.818370       5.920320
      8.352320       0.593716      12.512307      13.592082      15.892155       5.937157
      8.387822       0.595397      12.563426      13.651381      15.965954       5.953969
      8.423324       0.597076      12.614538      13.710682      16.039765       5.970758
      8.458827       0.598752      12.665644      13.769985      16.113590       5.987523
      8.494329       0.600426      12.716743      13.829290      16.187427       6.004264
      8.529831       0.602098      12.767837      13.888597      16.261278       6.020982
      8.565333       0.603768      12.818924      13.947906      16.335141       6.037678
      8.600835       0.605435      12.870005      14.007217      16.409017       6.054350
      8.636337       0.607100      12.921079      14.066529      16.482906       6.070999
      8.671839       0.608763      12.972148      14.125843      16.556808       6.087625
      8.707342       0.610423      13.023210      14.185159      16.630722       6.104229
      8.742844       0.612081      13.074266      14.244477      16.704649       6.120810
      8.778346       0.613737      13.125317      14.303797      16.778588       6.137369
      8.813848       0.615391      13.176361      14.363119      16.852539       6.153905
      8.849350       0.617042      13.227399      14.422442      16.926502       6.170419
      8.884852       0.618691      13.278431      14.481767      17.000478       6.186911
      8.920354       0.620338      13.329458      14.541094      17.074466       6.203382
      8.955857       0.621983      13.380478      14.600422      17.148465       6.219830
      8.991359       0.623626      13.431493      14.659752      17.222477       6.236256
      9.026861       0.625266      13.482502      14.719084      17.296501       6.252661
      9.062363       0.626904      13.533505      14.778418      17.370536       6.269045
      9.097865       0.628541      13.584502      14.837753      17.444583       6.285407
      9.133367       0.630175      13.635494      14.897090      17.518642       6.301748
      9.168869       0.631807      13.686480      14.956428      17.592712       6.318068
      9.204372       0.633437      13.737460      15.015768      17.666794       6.334366
      9.239874       0.635064      13.788434      15.075110      17.740887       6.350644
      9.275376       0.636690      13.839403      15.134454      17.814992       6.366901
      9.310878       0.638314      13.890367      15.193799      17.889108       6.383137
      9.346380       0.639935      13.941325      15.253145      17.963235       6.399353
      9.381882       0.641555      13.992277      15.312493      18.037374       6.415548
      9.417384       0.643172      14.043224      15.371843      18.111523       6.431722
      9.452887       0.644788      14.094165      15.431194      18.185684       6.447877
      9.488389       0.646401      14.145101      15.490547      18.259855       6.464011
      9.523891       0.648012      14.196032      15.549902      18.334038       6.480125
      9.559393       0.649622      14.246957      15.609257      18.408231       6.496219
      9.594895       0.651229      14.297877      15.668615      18.482435       6.512293
      9.630397       0.652835      14.348792      15.727974      18.556650       6.528347
      9.665899       0.654438      14.399701      15.787334      18.630876       6.544381
      9.701402       0.656040      14.450605      15.846696      18.705112       6.560396
      9.736904       0.657639      14.501503      15.906059      18.779359       6.576392
      9.772406       0.659237      14.552397      15.965424      18.853616       6.592368
      9.807908       0.660832      14.603285      16.024790      18.927884       6.608324
      9.843410       0.662426      14.654168      16.084158      19.002162       6.624262
      9.878912       0.664018      14.705047      16.143527      19.076450       6.640180
      9.914414       0.665608      14.755919      16.202897      19.150749       6.656079
      9.949917       0.667196      14.806787      16.262269      19.225057       6.671959
      9.985419       0.668782      14.857650      16.321642      19.299376       6.687820
     10.020921       0.670366      14.908508      16.381017      19.373706       6.703663
     10.056423       0.671949      14.959361      16.440393      19.448045       6.719487
     10.091925       0.673529      15.010208      16.499771      19.522394       6.735292
     10.127427       0.675108      15.061051      16.559149      19.596753       6.751079
     10.162929       0.676685      15.111889      16.618529      19.671122       6.766847
     10.198432       0.678260      15.162722      16.677911      19.745501       6.782597
     10.233934       0.679833      15.213550      16.737294      19.819889       6.798329
     10.269436       0.681404      15.264373      16.796678      19.894288       6.814042
     10.304938       0.682974      15.315191      16.856063      19.968695       6.829737
     10.340440       0.684541      15.366005      16.915450      20.043113       6.845415
     10.375942       0.686107      15.416814      16.974838      20.117540       6.861074
     10.411444       0.687672      15.467618      17.034227      20.191977       6.876716
     10.446947       0.689234      15.518417      17.093618      20.266423       6.892340
     10.482449       0.690795      15.569211      17.153009      20.340879       6.907946
     10.517951       0.692353      15.620001      17.212403      20.415344       6.923534
     10.553453       0.693911      15.670786      17.271797      20.489818       6.939105
     10.588955       0.695466      15.721567      17.331193      20.564301       6.954659
     10.624457       0.697019      15.772342      17.390589      20.638794       6.970195
     10.659960       0.698571      15.823114      17.449987      20.713296       6.985714
     10.695462       0.700122      15.873880      17.509387      20.787807       7.001215
     10.730964       0.701670      15.924642      17.568787      20.862327       7.016700
     10.766466       0.703217      15.975399      17.628189      20.936857       7.032167
     10.801968       0.704762      16.026152      17.687592      21.011395       7.047618
     10.837470       0.706305      16.076901      17.746996      21.085942       7.063051
     10.872972       0.707847      16.127645      17.806401      21.160498       7.078468
     10.908475       0.709387      16.178384      17.865808      21.235063       7.093868
     10.943977       0.710925      16.229119      17.925215      21.309637       7.109251
     10.979479       0.712462      16.279849      17.984624      21.384220       7.124618
     11.014981       0.713997      16.330576      18.044034      21.458811       7.139968
     11.050483       0.715530      16.381297      18.103445      21.533411       7.155301
     11.085985       0.717062      16.432015      18.162857      21.608019       7.170618
     11.121487       0.718592      16.482728      18.222270      21.682637       7.185919
     11.156990       0.720120      16.533436      18.281685      21.757262       7.201204
     11.192492       0.721647      16.584141      18.341101      21.831897       7.216472
     11.227994       0.723172      16.634841      18.400517      21.906539       7.231724
     11.263496       0.724696      16.685536      18.459935      21.981191       7.246960
     11.298998       0.726218      16.736228      18.519354      22.055850       7.262181
     11.334500       0.727738      16.786915      18.578774      22.130518       7.277385
     11.370002       0.729257      16.837598      18.638195      22.205194       7.292573
     11.405505       0.730775      16.888277      18.697617      22.279879       7.307746
     11.441007       0.732290      16.938952      18.757040      22.354572       7.322902
     11.476509       0.733804      16.989622      18.816465      22.429273       7.338044
     11.512011       0.735317      17.040288      18.875890      22.503982       7.353169
     11.547513       0.736828      17.090951      18.935316      22.578699       7.368279
     11.583015       0.738337      17.141609      18.994744      22.653425       7.383373
     11.618517       0.739845      17.192263      19.054172      22.728158       7.398453
     11.654020       0.741352      17.242913      19.113602      22.802899       7.413516
     11.689522       0.742856      17.293558      19.173032      22.877649       7.428565
     11.725024       0.744360      17.344200      19.232464      22.952406       7.443598
     11.760526       0.745862      17.394838      19.291896      23.027171       7.458616
     11.796028       0.747362      17.445472      19.351330      23.101944       7.473619
     11.831530       0.748861      17.496101      19.410765      23.176725       7.488607
     11.867032       0.750358      17.546727      19.470200      23.251514       7.503580
     11.902535       0.751854      17.597349      19.529637      23.326310       7.518538
     11.938037       0.753348      17.647967      19.589074      23.401114       7.533481
     11.973539       0.754841      17.698581      19.648513      23.475926       7.548409
     12.009041       0.756332      17.749191      19.707953      23.550746       7.563323
     12.044543       0.757822      17.799797      19.767393      23.625573       7.578222
     12.080045       0.759311      17.850399      19.826834      23.700407       7.593106
     12.115547       0.760798      17.900998      19.886277      23.775250       7.607976
     12.151050       0.762283      17.951592      19.945720      23.850099       7.622831
     12.186552       0.763767      18.002183      20.005165      23.924956       7.637672
     12.222054       0.765250      18.052770      20.064610      23.999821       7.652498
     12.257556       0.766731      18.103353      20.124056      24.074693       7.667310
     12.293058       0.768211      18.153932      20.183503      24.149572       7.682107
     12.328560       0.769689      18.204508      20.242951      24.224459       7.696891
     12.364062       0.771166      18.255080      20.302400      24.299353       7.711660
     12.399565       0.772642      18.305648      20.361850      24.374255       7.726415
     12.435067       0.774116      18.356212      20.421301      24.449163       7.741156
     12.470569       0.775588      18.406773      20.480753      24.524079       7.755883
     12.506071       0.777060      18.457330      20.540205      24.599002       7.770596
     12.541573       0.778530      18.507883      20.599659      24.673932       7.785295
     12.577075       0.779998      18.558433      20.659113      24.748869       7.799981
     12.612577       0.781465      18.608979      20.718569      24.823814       7.814652
     12.648080       0.782931      18.659521      20.778025      24.898765       7.829310
     12.683582       0.784395      18.710060      20.837482      24.973724       7.843954
     12.719084       0.785858      18.760595      20.896940      25.048689       7.858584
     12.754586       0.787320      18.811126      20.956399      25.123662       7.873201
     12.790088       0.788780      18.861654      21.015858      25.198641       7.887804
     12.825590       0.790239      18.912178      21.075319      25.273627       7.902394
     12.861093       0.791697      18.962699      21.134780      25.348620       7.916970
     12.896595       0.793153      19.013216      21.194243      25.423620       7.931533
     12.932097       0.794608      19.063730      21.253706      25.498627       7.946082
     12.967599       0.796062      19.114240      21.313170      25.573641       7.960618
     13.003101       0.797514      19.164747      21.372634      25.648661       7.975141
     13.038603       0.798965      19.215250      21.432100      25.723688       7.989651
     13.074105       0.800415      19.265750      21.491566      25.798722       8.004147
     13.109608       0.801863      19.316246      21.551034      25.873763       8.018631
     13.145110       0.803310      19.366739      21.610502      25.948810       8.033101
     13.180612       0.804756      19.417229      21.669971      26.023864       8.047558
     13.216114       0.806200      19.467715      21.729440      26.098924       8.062003
     13.251616       0.807643      19.518197      21.788911      26.173991       8.076434
     13.287118       0.809085      19.568676      21.848382      26.249065       8.090853
     13.322620       0.810526      19.619152      21.907854      26.324145       8.105258
     13.358123       0.811965      19.669625      21.967327      26.399232       8.119651
     13.393625       0.813403      19.720094      22.026801      26.474325       8.134031
     13.429127       0.814840      19.770560      22.086275      26.549424       8.148399
     13.464629       0.816275      19.821022      22.145751      26.624530       8.162753
     13.500131       0.817710      19.871481      22.205227      26.699642       8.177096
     13.535633       0.819143      19.921937      22.264704      26.774761       8.191425
     13.571135       0.820574      19.972390      22.324181      26.849886       8.205742
     13.606638       0.822005      20.022839      22.383659      26.925017       8.220047
     13.642140       0.823434      20.073285      22.443139      27.000155       8.234339
     13.677642       0.824862      20.123727      22.502619      27.075299       8.248619
     13.713144       0.826289      20.174167      22.562099      27.150449       8.262886
     13.748646       0.827714      20.224603      22.621581      27.225605       8.277141
     13.784148       0.829138      20.275036      22.681063      27.300768       8.291384
     13.819650       0.830561      20.325466      22.740546      27.375936       8.305615
     13.855153       0.831983      20.375893      22.800029      27.451111       8.319833
     13.890655       0.833404      20.426316      22.859514      27.526292       8.334040
     13.926157       0.834823      20.476736      22.918999      27.601479       8.348234
     13.961659       0.836242      20.527153      22.978484      27.676672       8.362416
     13.997161       0.837659      20.577567      23.037971      27.751872       8.376586
     14.032663       0.839074      20.627978      23.097458      27.827077       8.390744
     14.068165       0.840489      20.678386      23.156946      27.902288       8.404891
     14.103668       0.841902      20.728790      23.216435      27.977505       8.419025
     14.139170       0.843315      20.779192      23.275924      28.052728       8.433147
     14.174672       0.844726      20.829590      23.335415      28.127957       8.447258
     14.210174       0.846136      20.879985      23.394905      28.203192       8.461357
     14.245676       0.847544      20.930377      23.454397      28.278433       8.475444
     14.281178       0.848952      20.980767      23.513889      28.353680       8.489520
     14.316680       0.850358      21.031153      23.573382      28.428932       8.503583
     14.352183       0.851764      21.081536      23.632876      28.504191       8.517636
     14.387685       0.853168      21.131916      23.692370      28.579455       8.531676
     14.423187       0.854571      21.182293      23.751865      28.654725       8.545705
     14.458689       0.855972      21.232667      23.811361      28.730000       8.559723
     14.494191       0.857373      21.283038      23.870857      28.805282       8.573729
     14.529693       0.858772      21.333405      23.930354      28.880569       8.587723
     14.565195       0.860171      21.383770      23.989852      28.955862       8.601707
     14.600698       0.861568      21.434132      24.049350      29.031160       8.615679
     14.636200       0.862964      21.484492      24.108849      29.106464       8.629639
     14.671702       0.864359      21.534848      24.168349      29.181774       8.643588
     14.707204       0.865753      21.585201      24.227850      29.257089       8.657527
     14.742706       0.867145      21.635551      24.287351      29.332410       8.671453
     14.778208       0.868537      21.685898      24.346852      29.407737       8.685369
     14.813710       0.869927      21.736243      24.406355      29.483069       8.699274
     14.849213       0.871317      21.786584      24.465858      29.558407       8.713167
     14.884715       0.872705      21.836923      24.525361      29.633750       8.727049
     14.920217       0.874092      21.887259      24.584866      29.709098       8.740921
     14.955719       0.875478      21.937591      24.644371      29.784452       8.754781
     14.991221       0.876863      21.987921      24.703876      29.859812       8.768630
     15.026723       0.878247      22.038249      24.763382      29.935177       8.782469
     15.062226       0.879630      22.088573      24.822889      30.010547       8.796296
     15.097728       0.881011      22.138894      24.882397      30.085923       8.810113
     15.133230       0.882392      22.189213      24.941905      30.161304       8.823919
     15.168732       0.883771      22.239529      25.001413      30.236690       8.837714
     15.204234       0.885150      22.289842      25.060923      30.312082       8.851498
     15.239736       0.886527      22.340152      25.120433      30.387479       8.865272
     15.275238       0.887903      22.390460      25.179943      30.462881       8.879035
     15.310741       0.889279      22.440764      25.239454      30.538289       8.892787
     15.346243       0.890653      22.491066      25.298966      30.613702       8.906528
     15.381745       0.892026      22.541365      25.358479      30.689120       8.920259
     15.417247       0.893398      22.591662      25.417992      30.764543       8.933980
     15.452749       0.894769      22.641956      25.477505      30.839972       8.947690
     15.488251       0.896139      22.692247      25.537019      30.915406       8.961389
     15.523753       0.897508      22.742535      25.596534      30.990844       8.975078
     15.559256       0.898876      22.792820      25.656050      31.066289       8.988757
     15.594758       0.900242      22.843103      25.715566      31.141738       9.002425
     15.630260       0.901608      22.893383      25.775082      31.217192       9.016083
     15.665762       0.902973      22.943661      25.834599      31.292651       9.029730
     15.701264       0.904337      22.993935      25.894117      31.368116       9.043367
     15.736766       0.905699      23.044207      25.953635      31.443585       9.056994
     15.772268       0.907061      23.094477      26.013154      31.519060       9.070611
     15.807771       0.908422      23.144744      26.072674      31.594539       9.084217
     15.843273       0.909781      23.195008      26.132194      31.670024       9.097813
     15.878775       0.911140      23.245269      26.191714      31.745513       9.111399
     15.914277       0.912498      23.295528      26.251236      31.821008       9.124975
     15.949779       0.913854      23.345784      26.310757      31.896507       9.138541
     15.985281       0.915210      23.396038      26.370280      31.972012       9.152097
     16.020783       0.916564      23.446289      26.429803      32.047521       9.165643
     16.056286       0.917918      23.496537      26.489326      32.123035       9.179178
     16.091788       0.919270      23.546783      26.548850      32.198554       9.192704
     16.127290       0.920622      23.597026      26.608375      32.274078       9.206220
     16.162792       0.921973      23.647267      26.667900      32.349607       9.219726
     16.198294       0.923322      23.697505      26.727425      32.425141       9.233222
     16.233796       0.924671      23.747741      26.786951      32.500679       9.246708
     16.269298       0.926018      23.797974      26.846478      32.576222       9.260184
     16.304801       0.927365      23.848204      26.906005      32.651770       9.273651
     16.340303       0.928711      23.898432      26.965533      32.727323       9.287108
     16.375805       0.930055      23.948657      27.025062      32.802881       9.300555
     16.411307       0.931399      23.998880      27.084591      32.878443       9.313992
     16.446809       0.932742      24.049101      27.144120      32.954010       9.327420
     16.482311       0.934084      24.099319      27.203650      33.029582       9.340838
     16.517813       0.935425      24.149534      27.263180      33.105159       9.354246
     16.553316       0.936764      24.199747      27.322711      33.180740       9.367645
     16.588818       0.938103      24.249957      27.382243      33.256326       9.381034
     16.624320       0.939441      24.300165      27.441775      33.331916       9.394414
     16.659822       0.940778      24.350371      27.501308      33.407511       9.407784
     16.695324       0.942114      24.400574      27.560841      33.483111       9.421144
     16.730826       0.943450      24.450775      27.620374      33.558715       9.434495
     16.766328       0.944784      24.500973      27.679909      33.634324       9.447837
     16.801831       0.946117      24.551169      27.739443      33.709938       9.461169
     16.837333       0.947449      24.601362      27.798978      33.785556       9.474492
     16.872835       0.948781      24.651553      27.858514      33.861178       9.487806
     16.908337       0.950111      24.701741      27.918050      33.936805       9.501110
     16.943839       0.951440      24.751927      27.977587      34.012437       9.514405
     16.979341       0.952769      24.802111      28.037124      34.088073       9.527691
     17.014844       0.954097      24.852292      28.096662      34.163714       9.540967
     17.050346       0.955423      24.902471      28.156200      34.239359       9.554234
     17.085848       0.956749      24.952648      28.215739      34.315009       9.567492
     17.121350       0.958074      25.002822      28.275278      34.390663       9.580741
     17.156852       0.959398      25.052994      28.334817      34.466321       9.593980
     17.192354       0.960721      25.103163      28.394358      34.541984       9.607211
     17.227856       0.962043      25.153330      28.453898      34.617651       9.620432
     17.263359       0.963364      25.203495      28.513439      34.693323       9.633644
     17.298861       0.964685      25.253657      28.572981      34.768999       9.646848
     17.334363       0.966004      25.303817      28.632523      34.844679       9.660042
     17.369865       0.967323      25.353975      28.692066      34.920364       9.673227
     17.405367       0.968640      25.404131      28.751609      34.996053       9.686403
     17.440869       0.969957      25.454284      28.811152      35.071747       9.699570
     17.476371       0.971273      25.504435      28.870696      35.147444       9.712729
     17.511874       0.972588      25.554583      28.930241      35.223146       9.725878
     17.547376       0.973902      25.604730      28.989786      35.298853       9.739019
     17.582878       0.975215      25.654874      29.049331      35.374563       9.752150
     17.618380       0.976527      25.705015      29.108877      35.450278       9.765273
     17.653882       0.977839      25.755155      29.168423      35.525997       9.778387
     17.689384       0.979149      25.805292      29.227970      35.601720       9.791493
     17.724886       0.980459      25.855427      29.287518      35.677448       9.804589
     17.760389       0.981768      25.905560      29.347065      35.753180       9.817677
     17.795891       0.983076      25.955690      29.406614      35.828915       9.830756
     17.831393       0.984383      26.005818      29.466162      35.904656       9.843826
     17.866895       0.985689      26.055944      29.525711      35.980400       9.856888
     17.902397       0.986994      26.106068      29.585261      36.056148       9.869941
     17.937899       0.988299      26.156190      29.644811      36.131901       9.882985
     17.973401       0.989602      26.206309      29.704361      36.207657       9.896021
     18.008904       0.990905      26.256426      29.763912      36.283418       9.909048
     18.044406       0.992207      26.306541      29.823464      36.359183       9.922067
     18.079908       0.993508      26.356654      29.883016      36.434952       9.935077
     18.115410       0.994808      26.406764      29.942568      36.510725       9.948078
     18.150912       0.996107      26.456873      30.002121      36.586502       9.961071
     18.186414       0.997406      26.506979      30.061674      36.662284       9.974056
     18.221916       0.998703      26.557083      30.121227      36.738069       9.987032
     18.257419       1.000000      26.607185      30.180781      36.813858      10.000000
