      0.577350       0.100000       0.800000       0.800000       0.800000       1.000000
      0.612852       0.104059       0.849319       0.849319       0.849319       1.040585
      0.648355       0.108039       0.898872       0.898872       0.898872       1.080394
      0.683857       0.111948       0.948633       0.948633       0.948633       1.119482
      0.719359       0.115790       0.998581       0.998581       0.998581       1.157899
      0.754861       0.119569       1.048698       1.048698       1.048698       1.195689
      0.790363       0.123289       1.098968       1.098968       1.098968       1.232892
      0.825865       0.126954       1.149377       1.149377       1.149377       1.269540
      0.861367       0.130567       1.199913       1.199913       1.199913       1.305668
      0.896870       0.134130       1.250566       1.250566       1.250566       1.341302
      0.932372       0.137647       1.301327       1.301327       1.301327       1.376469
      0.967874       0.141119       1.352187       1.352187       1.352187       1.411193
      1.003376       0.144549       1.403139       1.403139       1.403139       1.445494
      1.038878       0.147939       1.454176       1.454176       1.454176       1.479393
      1.074380       0.151291       1.505293       1.505293       1.505293       1.512908
      1.109882       0.154606       1.556484       1.556484       1.556484       1.546055
      1.145385       0.157885       1.607745       1.607745       1.607745       1.578852
      1.180887       0.161131       1.659071       1.659071       1.659071       1.611311
      1.216389       0.164345       1.710457       1.710457       1.710457       1.643446
      1.251891       0.167527       1.761901       1.761901       1.761901       1.675270
      1.287393       0.170679       1.813400       1.813400       1.813400       1.706794
      1.322895       0.173803       1.864949       1.864949       1.864949       1.738031
      1.358397       0.176899       1.916547       1.916547       1.916547       1.768988
      1.393900       0.179968       1.968191       1.968191       1.968191       1.799678
      1.429402       0.183011       2.019878       2.019878       2.019878       1.830108
      1.464904       0.186029       2.071606       2.071606       2.071606       1.860287
      1.500406       0.189022       2.123373       2.123373       2.123373       1.890223
      1.535908       0.191992       2.175178       2.175178       2.175178       1.919923
      1.571410       0.194940       2.227018       2.227018       2.227018       1.949396
      1.606912       0.197865       2.278892       2.278892       2.278892       1.978648
      1.642415       0.200769       2.330798       2.330798       2.330798       2.007685
      1.677917       0.203651       2.382735       2.382735       2.382735       2.036514
      1.713419       0.206514       2.434702       2.434702       2.434702       2.065140
      1.748921       0.209357       2.486698       2.486698       2.486698       2.093569
      1.784423       0.212181       2.538720       2.538720       2.538720       2.121806
      1.819925       0.214986       2.590769       2.590769       2.590769       2.149856
      1.855427       0.217773       2.642842       2.642842       2.642842       2.177725
      1.890930       0.220542       2.694940       2.694940       2.694940       2.205417
      1.926432       0.223294       2.747061       2.747061       2.747061       2.232935
      1.961934       0.226029       2.799204       2.799204       2.799204       2.260286
      1.997436       0.228747       2.851368       2.851368       2.851368       2.287471
      2.032938       0.231450       2.903554       2.903554       2.903554       2.314497
      2.068440       0.234136       2.955759       2.955759       2.955759       2.341365
      2.103943       0.236808       3.007983       3.007983       3.007983       2.368080
      2.139445       0.239464       3.060226       3.060226       3.060226       2.394645
      2.174947       0.242106       3.112487       3.112487       3.112487       2.421063
      2.210449       0.244734       3.164765       3.164765       3.164765       2.447339
      2.245951       0.247347       3.217060       3.217060       3.217060       2.473474
      2.281453       0.249947       3.269372       3.269372       3.269372       2.499471
      2.316955       0.252533       3.321699       3.321699       3.321699       2.525334
      2.352458       0.255107       3.374041       3.374041       3.374041       2.551066
      2.387960       0.257667       3.426398       3.426398       3.426398       2.576668
      2.423462       0.260214       3.478769       3.478769       3.478769       2.602143
      2.458964       0.262749       3.531154       3.531154       3.531154       2.627495
      2.494466       0.265272       3.583553       3.583553       3.583553       2.652725
      2.529968       0.267783       3.635965       3.635965       3.635965       2.677835
      2.565470       0.270283       3.688389       3.688389       3.688389       2.702828
      2.600973       0.272771       3.740826       3.740826       3.740826       2.727706
      2.636475       0.275247       3.793275       3.793275       3.793275       2.752471
      2.671977       0.277713       3.845736       3.845736       3.845736       2.777126
      2.707479       0.280167       3.898208       3.898208       3.898208       2.801671
      2.742981       0.282611       3.950690       3.950690       3.950690       2.826109
      2.778483       0.285044       4.003184       4.003184       4.003184       2.850442
      2.813985       0.287467       4.055688       4.055688       4.055688       2.874672
      2.849488       0.289880       4.108203       4.108203       4.108203       2.898800
      2.884990       0.292283       4.160727       4.160727       4.160727       2.922828
      2.920492       0.294676       4.213261       4.213261       4.213261       2.946758
      2.955994       0.297059       4.265805       4.265805       4.265805       2.970590
      2.991496       0.299433       4.318358       4.318358       4.318358       2.994328
      3.026998       0.301797       4.370920       4.370920       4.370920       3.017972
      3.062500       0.304152       4.423490       4.423490       4.423490       3.041524
      3.098003       0.306498       4.476069       4.476069       4.476069       3.064984
      3.133505       0.308836       4.528657       4.528657       4.528657       3.088356
      3.169007       0.311164       4.581253       4.581253       4.581253       3.111639
      3.204509       0.313484       4.633856       4.633856       4.633856       3.134835
      3.240011       0.315795       4.686468       4.686468       4.686468       3.157946
      3.275513       0.318097       4.739087       4.739087       4.739087       3.180973
      3.311015       0.320392       4.791714       4.791714       4.791714       3.203917
      3.346518       0.322678       4.844348       4.844348       4.844348       3.226779
      3.382020       0.324956       4.896989       4.896989       4.896989       3.249560
      3.417522       0.327226       4.949638       4.949638       4.949638       3.272261
      3.453024       0.329488       5.002293       5.002293       5.002293       3.294884
      3.488526       0.331743       5.054955       5.054955       5.054955       3.317430
      3.524028       0.333990       5.107623       5.107623       5.107623       3.339899
      3.559530       0.336229       5.160298       5.160298       5.160298       3.362293
      3.595033       0.338461       5.212979       5.212979       5.212979       3.384613
      3.630535       0.340686       5.265666       5.265666       5.265666       3.406859
      3.666037       0.342903       5.318360       5.318360       5.318360       3.429033
      3.701539       0.345114       5.371059       5.371059       5.371059       3.451135
      3.737041       0.347317       5.423764       5.423764       5.423764       3.473167
      3.772543       0.349513       5.476475       5.476475       5.476475       3.495129
      3.808045       0.351702       5.529192       5.529192       5.529192       3.517023
      3.843548       0.353885       5.581914       5.581914       5.581914       3.538848
      3.879050       0.356061       5.634641       5.634641       5.634641       3.560607
      3.914552       0.358230       5.687374       5.687374       5.687374       3.582299
      3.950054       0.360393       5.740111       5.740111       5.740111       3.603925
      3.985556       0.362549       5.792854       5.792854       5.792854       3.625487
      4.021058       0.364699       5.845602       5.845602       5.845602       3.646985
      4.056560       0.366842       5.898355       5.898355       5.898355       3.668420
      4.092063       0.368979       5.951113       5.951113       5.951113       3.689792
      4.127565       0.371110       6.003875       6.003875       6.003875       3.711103
      4.163067       0.373235       6.056643       6.056643       6.056643       3.732353
      4.198569       0.375354       6.109414       6.109414       6.109414       3.753542
      4.234071       0.377467       6.162190       6.162190       6.162190       3.774672
      4.269573       0.379574       6.214971       6.214971       6.214971       3.795742
      4.305076       0.381675       6.267756       6.267756       6.267756       3.816755
      4.340578       0.383771       6.320545       6.320545       6.320545       3.837710
      4.376080       0.385861       6.373339       6.373339       6.373339       3.858607
      4.411582       0.387945       6.426136       6.426136       6.426136       3.879448
      4.447084       0.390023       6.478938       6.478938       6.478938       3.900234
      4.482586       0.392096       6.531744       6.531744       6.531744       3.920964
      4.518088       0.394164       6.584553       6.584553       6.584553       3.941639
      4.553591       0.396226       6.637367       6.637367       6.637367       3.962261
      4.589093       0.398283       6.690184       6.690184       6.690184       3.982829
      4.624595       0.400334       6.743005       6.743005       6.743005       4.003344
      4.660097       0.402381       6.795830       6.795830       6.795830       4.023806
      4.695599       0.404422       6.848658       6.848658       6.848658       4.044217
      4.731101       0.406458       6.901490       6.901490       6.901490       4.064576
      4.766603       0.408488       6.954326       6.954326       6.954326       4.084884
      4.802106       0.410514       7.007165       7.007165       7.007165       4.105142
      4.837608       0.412535       7.060007       7.060007       7.060007       4.125350
      4.873110       0.414551       7.112853       7.112853       7.112853       4.145509
      4.908612       0.416562       7.165702       7.165702       7.165702       4.165619
      4.944114       0.418568       7.218555       7.218555       7.218555       4.185681
      4.979616       0.420569       7.271410       7.271410       7.271410       4.205694
      5.015118       0.422566       7.324269       7.324269       7.324269       4.225660
      5.050621       0.424558       7.377131       7.377131       7.377131       4.245579
      5.086123       0.426545       7.429996       7.429996       7.429996       4.265451
      5.121625       0.428528       7.482864       7.482864       7.482864       4.285277
      5.157127       0.430506       7.535735       7.535735       7.535735       4.305058
      5.192629       0.432479       7.588609       7.588609       7.588609       4.324793
      5.228131       0.434448       7.641486       7.641486       7.641486       4.344483
      5.263633       0.436413       7.694366       7.694366       7.694366       4.364128
      5.299136       0.438373       7.747248       7.747248       7.747248       4.383730
      5.334638       0.440329       7.800134       7.800134       7.800134       4.403287
      5.370140       0.442280       7.853022       7.853022       7.853022       4.422802
      5.405642       0.444227       7.905913       7.905913       7.905913       4.442273
      5.441144       0.446170       7.958807       7.958807       7.958807       4.461702
      5.476646       0.448109       8.011703       8.011703       8.011703       4.481089
      5.512148       0.450043       8.064602       8.064602       8.064602       4.500434
      5.547651       0.451974       8.117503       8.117503       8.117503       4.519737
      5.583153       0.453900       8.170407       8.170407       8.170407       4.538999
      5.618655       0.455822       8.223314       8.223314       8.223314       4.558220
      5.654157       0.457740       8.276223       8.276223       8.276223       4.577401
      5.689659       0.459654       8.329134       8.329134       8.329134       4.596542
      5.725161       0.461564       8.382048       8.382048       8.382048       4.615643
      5.760663       0.463470       8.434964       8.434964       8.434964       4.634705
      5.796166       0.465373       8.487883       8.487883       8.487883       4.653727
      5.831668       0.467271       8.540804       8.540804       8.540804       4.672711
      5.867170       0.469166       8.593727       8.593727       8.593727       4.691656
      5.902672       0.471056       8.646653       8.646653       8.646653       4.710563
      5.938174       0.472943       8.699581       8.699581       8.699581       4.729433
      5.973676       0.474826       8.752511       8.752511       8.752511       4.748264
      6.009178       0.476706       8.805443       8.805443       8.805443       4.767059
      6.044681       0.478582       8.858377       8.858377       8.858377       4.785816
      6.080183       0.480454       8.911314       8.911314       8.911314       4.804537
      6.115685       0.482322       8.964253       8.964253       8.964253       4.823221
      6.151187       0.484187       9.017193       9.017193       9.017193       4.841869
      6.186689       0.486048       9.070136       9.070136       9.070136       4.860481
      6.222191       0.487906       9.123081       9.123081       9.123081       4.879058
      6.257694       0.489760       9.176028       9.176028       9.176028       4.897600
      6.293196       0.491611       9.228977       9.228977       9.228977       4.916106
      6.328698       0.493458       9.281928       9.281928       9.281928       4.934578
      6.364200       0.495301       9.334880       9.334880       9.334880       4.953015
      6.399702       0.497142       9.387835       9.387835       9.387835       4.971418
      6.435204       0.498979       9.440792       9.440792       9.440792       4.989787
      6.470706       0.500812       9.493750       9.493750       9.493750       5.008122
      6.506209       0.502642       9.546711       9.546711       9.546711       5.026423
      6.541711       0.504469       9.599673       9.599673       9.599673       5.044692
      6.577213       0.506293       9.652637       9.652637       9.652637       5.062927
      6.612715       0.508113       9.705603       9.705603       9.705603       5.081130
      6.648217       0.509930       9.758570       9.758570       9.758570       5.099300
      6.683719       0.511744       9.811540       9.811540       9.811540       5.117438
      6.719221       0.513554       9.864511       9.864511       9.864511       5.135543
      6.754724       0.515362       9.917484       9.917484       9.917484       5.153617
      6.790226       0.517166       9.970458       9.970458       9.970458       5.171659
      6.825728       0.518967      10.023435      10.023435      10.023435       5.189670
      6.861230       0.520765      10.076413      10.076413      10.076413       5.207649
      6.896732       0.522560      10.129392      10.129392      10.129392       5.225598
      6.932234       0.524352      10.182373      10.182373      10.182373       5.243516
      6.967736       0.526140      10.235356      10.235356      10.235356       5.261403
      7.003239       0.527926      10.288341      10.288341      10.288341       5.279260
      7.038741       0.529709      10.341327      10.341327      10.341327       5.297086
      7.074243       0.531488      10.394314      10.394314      10.394314       5.314883
      7.109745       0.533265      10.447304      10.447304      10.447304       5.332650
      7.145247       0.535039      10.500294      10.500294      10.500294       5.350388
      7.180749       0.536810      10.553287      10.553287      10.553287       5.368096
      7.216251       0.538577      10.606280      10.606280      10.606280       5.385775
      7.251754       0.540342      10.659276      10.659276      10.659276       5.403425
      7.287256       0.542105      10.712272      10.712272      10.712272       5.421046
      7.322758       0.543864      10.765271      10.765271      10.765271       5.438639
      7.358260       0.545620      10.818270      10.818270      10.818270       5.456203
      7.393762       0.547374      10.871271      10.871271      10.871271       5.473739
      7.429264       0.549125      10.924274      10.924274      10.924274       5.491247
      7.464766       0.550873      10.977278      10.977278      10.977278       5.508727
      7.500269       0.552618      11.030283      11.030283      11.030283       5.526179
      7.535771       0.554360      11.083290      11.083290      11.083290       5.543604
      7.571273       0.556100      11.136298      11.136298      11.136298       5.561002
      7.606775       0.557837      11.189307      11.189307      11.189307       5.578372
      7.642277       0.559572      11.242318      11.242318      11.242318       5.595715
      7.677779       0.561303      11.295330      11.295330      11.295330       5.613032
      7.713281       0.563032      11.348343      11.348343      11.348343       5.630322
      7.748784       0.564758      11.401358      11.401358      11.401358       5.647585
      7.784286       0.566482      11.454374      11.454374      11.454374       5.664822
      7.819788       0.568203      11.507391      11.507391      11.507391       5.682033
      7.855290       0.569922      11.560410      11.560410      11.560410       5.699218
      7.890792       0.571638      11.613430      11.613430      11.613430       5.716376
      7.926294       0.573351      11.666451      11.666451      11.666451       5.733510
      7.961796       0.575062      11.719473      11.719473      11.719473       5.750617
      7.997299       0.576770      11.772496      11.772496      11.772496       5.767700
      8.032801       0.578476      11.825521      11.825521      11.825521       5.784756
      8.068303       0.580179      11.878547      11.878547      11.878547       5.801788
      8.103805       0.581880      11.931574      11.931574      11.931574       5.818795
      8.139307       0.583578      11.984602      11.984602      11.984602       5.835777
      8.174809       0.585273      12.037632      12.037632      12.037632       5.852735
      8.210311       0.586967      12.090663      12.090663      12.090663       5.869668
      8.245814       0.588658      12.143694      12.143694      12.143694       5.886576
      8.281316       0.590346      12.196727      12.196727      12.196727       5.903460
      8.316818       0.592032      12.249761      12.249761      12.249761       5.920320
      8.352320       0.593716      12.302796      12.302796      12.302796       5.937157
      8.387822       0.595397      12.355833      12.355833      12.355833       5.953969
      8.423324       0.597076      12.408870      12.408870      12.408870       5.970758
      8.458827       0.598752      12.461908      12.461908      12.461908       5.987523
      8.494329       0.600426      12.514948      12.514948      12.514948       6.004264
      8.529831       0.602098      12.567989      12.567989      12.567989       6.020982
      8.565333       0.603768      12.621030      12.621030      12.621030       6.037678
      8.600835       0.605435      12.674073      12.674073      12.674073       6.054350
      8.636337       0.607100      12.727117      12.727117      12.727117       6.070999
      8.671839       0.608763      12.780162      12.780162      12.780162       6.087625
      8.707342       0.610423      12.833208      12.833208      12.833208       6.104229
      8.742844       0.612081      12.886254      12.886254      12.886254       6.120810
      8.778346       0.613737      12.939302      12.939302      12.939302       6.137369
      8.813848       0.615391      12.992351      12.992351      12.992351       6.153905
      8.849350       0.617042      13.045401      13.045401      13.045401       6.170419
      8.884852       0.618691      13.098452      13.098452      13.098452       6.186911
      8.920354       0.620338      13.151504      13.151504      13.151504       6.203382
      8.955857       0.621983      13.204557      13.204557      13.204557       6.219830
      8.991359       0.623626      13.257610      13.257610      13.257610       6.236256
      9.026861       0.625266      13.310665      13.310665      13.310665       6.252661
      9.062363       0.626904      13.363721      13.363721      13.363721       6.269045
      9.097865       0.628541      13.416777      13.416777      13.416777       6.285407
      9.133367       0.630175      13.469835      13.469835      13.469835       6.301748
      9.168869       0.631807      13.522893      13.522893      13.522893       6.318068
      9.204372       0.633437      13.575953      13.575953      13.575953       6.334366
      9.239874       0.635064      13.629013      13.629013      13.629013       6.350644
      9.275376       0.636690      13.682074      13.682074      13.682074       6.366901
      9.310878       0.638314      13.735136      13.735136      13.735136       6.383137
      9.346380       0.639935      13.788199      13.788199      13.788199       6.399353
      9.381882       0.641555      13.841263      13.841263      13.841263       6.415548
      9.417384       0.643172      13.894328      13.894328      13.894328       6.431722
      9.452887       0.644788      13.947394      13.947394      13.947394       6.447877
      9.488389       0.646401      14.000460      14.000460      14.000460       6.464011
      9.523891       0.648012      14.053528      14.053528      14.053528       6.480125
      9.559393       0.649622      14.106596      14.106596      14.106596       6.496219
      9.594895       0.651229      14.159665      14.159665      14.159665       6.512293
      9.630397       0.652835      14.212735      14.212735      14.212735       6.528347
      9.665899       0.654438      14.265806      14.265806      14.265806       6.544381
      9.701402       0.656040      14.318877      14.318877      14.318877       6.560396
      9.736904       0.657639      14.371949      14.371949      14.371949       6.576392
      9.772406       0.659237      14.425023      14.425023      14.425023       6.592368
      9.807908       0.660832      14.478097      14.478097      14.478097       6.608324
      9.843410       0.662426      14.531171      14.531171      14.531171       6.624262
      9.878912       0.664018      14.584247      14.584247      14.584247       6.640180
      9.914414       0.665608      14.637323      14.637323      14.637323       6.656079
      9.949917       0.667196      14.690401      14.690401      14.690401       6.671959
      9.985419       0.668782      14.743479      14.743479      14.743479       6.687820
     10.020921       0.670366      14.796557      14.796557      14.796557       6.703663
     10.056423       0.671949      14.849637      14.849637      14.849637       6.719487
     10.091925       0.673529      14.902717      14.902717      14.902717       6.735292
     10.127427       0.675108      14.955798      14.955798      14.955798       6.751079
     10.162929       0.676685      15.008880      15.008880      15.008880       6.766847
     10.198432       0.678260      15.061962      15.061962      15.061962       6.782597
     10.233934       0.679833      15.115046      15.115046      15.115046       6.798329
     10.269436       0.681404      15.168130      15.168130      15.168130       6.814042
     10.304938       0.682974      15.221214      15.221214      15.221214       6.829737
     10.340440       0.684541      15.274300      15.274300      15.274300       6.845415
     10.375942       0.686107      15.327386      15.327386      15.327386       6.861074
     10.411444       0.687672      15.380473      15.380473      15.380473       6.876716
     10.446947       0.689234      15.433560      15.433560      15.433560       6.892340
     10.482449       0.690795      15.486649      15.486649      15.486649       6.907946
     10.517951       0.692353      15.539738      15.539738      15.539738       6.923534
     10.553453       0.693911      15.592827      15.592827      15.592827       6.939105
     10.588955       0.695466      15.645918      15.645918      15.645918       6.954659
     10.624457       0.697019      15.699009      15.699009      15.699009       6.970195
     10.659960       0.698571      15.752100      15.752100      15.752100       6.985714
     10.695462       0.700122      15.805193      15.805193      15.805193       7.001215
     10.730964       0.701670      15.858286      15.858286      15.858286       7.016700
     10.766466       0.703217      15.911380      15.911380      15.911380       7.032167
     10.801968       0.704762      15.964474      15.964474      15.964474       7.047618
     10.837470       0.706305      16.017569      16.017569      16.017569       7.063051
     10.872972       0.707847      16.070665      16.070665      16.070665       7.078468
     10.908475       0.709387      16.123761      16.123761      16.123761       7.093868
     10.943977       0.710925      16.176858      16.176858      16.176858       7.109251
     10.979479       0.712462      16.229956      16.229956      16.229956       7.124618
     11.014981       0.713997      16.283054      16.283054      16.283054       7.139968
     11.050483       0.715530      16.336153      16.336153      16.336153       7.155301
     11.085985       0.717062      16.389253      16.389253      16.389253       7.170618
     11.121487       0.718592      16.442353      16.442353      16.442353       7.185919
     11.156990       0.720120      16.495454      16.495454      16.495454       7.201204
     11.192492       0.721647      16.548555      16.548555      16.548555       7.216472
     11.227994       0.723172      16.601657      16.601657      16.601657       7.231724
     11.263496       0.724696      16.654760      16.654760      16.654760       7.246960
     11.298998       0.726218      16.707863      16.707863      16.707863       7.262181
     11.334500       0.727738      16.760967      16.760967      16.760967       7.277385
     11.370002       0.729257      16.814072      16.814072      16.814072       7.292573
     11.405505       0.730775      16.867177      16.867177      16.867177       7.307746
     11.441007       0.732290      16.920282      16.920282      16.920282       7.322902
     11.476509       0.733804      16.973389      16.973389      16.973389       7.338044
     11.512011       0.735317      17.026496      17.026496      17.026496       7.353169
     11.547513       0.736828      17.079603      17.079603      17.079603       7.368279
     11.583015       0.738337      17.132711      17.132711      17.132711       7.383373
     11.618517       0.739845      17.185819      17.185819      17.185819       7.398453
     11.654020       0.741352      17.238929      17.238929      17.238929       7.413516
     11.689522       0.742856      17.292038      17.292038      17.292038       7.428565
     11.725024       0.744360      17.345149      17.345149      17.345149       7.443598
     11.760526       0.745862      17.398259      17.398259      17.398259       7.458616
     11.796028       0.747362      17.451371      17.451371      17.451371       7.473619
     11.831530       0.748861      17.504483      17.504483      17.504483       7.488607
     11.867032       0.750358      17.557595      17.557595      17.557595       7.503580
     11.902535       0.751854      17.610708      17.610708      17.610708       7.518538
     11.938037       0.753348      17.663822      17.663822      17.663822       7.533481
     11.973539       0.754841      17.716936      17.716936      17.716936       7.548409
     12.009041       0.756332      17.770050      17.770050      17.770050       7.563323
     12.044543       0.757822      17.823166      17.823166      17.823166       7.578222
     12.080045       0.759311      17.876281      17.876281      17.876281       7.593106
     12.115547       0.760798      17.929398      17.929398      17.929398       7.607976
     12.151050       0.762283      17.982514      17.982514      17.982514       7.622831
     12.186552       0.763767      18.035632      18.035632      18.035632       7.637672
     12.222054       0.765250      18.088749      18.088749      18.088749       7.652498
     12.257556       0.766731      18.141868      18.141868      18.141868       7.667310
     12.293058       0.768211      18.194986      18.194986      18.194986       7.682107
     12.328560       0.769689      18.248106      18.248106      18.248106       7.696891
     12.364062       0.771166      18.301225      18.301225      18.301225       7.711660
     12.399565       0.772642      18.354346      18.354346      18.354346       7.726415
     12.435067       0.774116      18.407467      18.407467      18.407467       7.741156
     12.470569       0.775588      18.460588      18.460588      18.460588       7.755883
     12.506071       0.777060      18.513710      18.513710      18.513710       7.770596
     12.541573       0.778530      18.566832      18.566832      18.566832       7.785295
     12.577075       0.779998      18.619955      18.619955      18.619955       7.799981
     12.612577       0.781465      18.673078      18.673078      18.673078       7.814652
     12.648080       0.782931      18.726202      18.726202      18.726202       7.829310
     12.683582       0.784395      18.779326      18.779326      18.779326       7.843954
     12.719084       0.785858      18.832451      18.832451      18.832451       7.858584
     12.754586       0.787320      18.885576      18.885576      18.885576       7.873201
     12.790088       0.788780      18.938702      18.938702      18.938702       7.887804
     12.825590       0.790239      18.991828      18.991828      18.991828       7.902394
     12.861093       0.791697      19.044954      19.044954      19.044954       7.916970
     12.896595       0.793153      19.098081      19.098081      19.098081       7.931533
     12.932097       0.794608      19.151209      19.151209      19.151209       7.946082
     12.967599       0.796062      19.204337      19.204337      19.204337       7.960618
     13.003101       0.797514      19.257465      19.257465      19.257465       7.975141
     13.038603       0.798965      19.310594      19.310594      19.310594       7.989651
     13.074105       0.800415      19.363723      19.363723      19.363723       8.004147
     13.109608       0.801863      19.416853      19.416853      19.416853       8.018631
     13.145110       0.803310      19.469983      19.469983      19.469983       8.033101
     13.180612       0.804756      19.523114      19.523114      19.523114       8.047558
     13.216114       0.806200      19.576245      19.576245      19.576245       8.062003
     13.251616       0.807643      19.629377      19.629377      19.629377       8.076434
     13.287118       0.809085      19.682509      19.682509      19.682509       8.090853
     13.322620       0.810526      19.735641      19.735641      19.735641       8.105258
     13.358123       0.811965      19.788774      19.788774      19.788774       8.119651
     13.393625       0.813403      19.841907      19.841907      19.841907       8.134031
     13.429127       0.814840      19.895041      19.895041      19.895041       8.148399
     13.464629       0.816275      19.948175      19.948175      19.948175       8.162753
     13.500131       0.817710      20.001310      20.001310      20.001310       8.177096
     13.535633       0.819143      20.054445      20.054445      20.054445       8.191425
     13.571135       0.820574      20.107580      20.107580      20.107580       8.205742
     13.606638       0.822005      20.160716      20.160716      20.160716       8.220047
     13.642140       0.823434      20.213852      20.213852      20.213852       8.234339
     13.677642       0.824862      20.266989      20.266989      20.266989       8.248619
     13.713144       0.826289      20.320126      20.320126      20.320126       8.262886
     13.748646       0.827714      20.373263      20.373263      20.373263       8.277141
     13.784148       0.829138      20.426401      20.426401      20.426401       8.291384
     13.819650       0.830561      20.479539      20.479539      20.479539       8.305615
     13.855153       0.831983      20.532678      20.532678      20.532678       8.319833
     13.890655       0.833404      20.585817      20.585817      20.585817       8.334040
     13.926157       0.834823      20.638956      20.638956      20.638956       8.348234
     13.961659       0.836242      20.692096      20.692096      20.692096       8.362416
     13.997161       0.837659      20.745236      20.745236      20.745236       8.376586
     14.032663       0.839074      20.798377      20.798377      20.798377       8.390744
     14.068165       0.840489      20.851518      20.851518      20.851518       8.404891
     14.103668       0.841902      20.904659      20.904659      20.904659       8.419025
     14.139170       0.843315      20.957801      20.957801      20.957801       8.433147
     14.174672       0.844726      21.010943      21.010943      21.010943       8.447258
     14.210174       0.846136      21.064086      21.064086      21.064086       8.461357
     14.245676       0.847544      21.117229      21.117229      21.117229       8.475444
     14.281178       0.848952      21.170372      21.170372      21.170372       8.489520
     14.316680       0.850358      21.223516      21.223516      21.223516       8.503583
     14.352183       0.851764      21.276660      21.276660      21.276660       8.517636
     14.387685       0.853168      21.329804      21.329804      21.329804       8.531676
     14.423187       0.854571      21.382949      21.382949      21.382949       8.545705
     14.458689       0.855972      21.436094      21.436094      21.436094       8.559723
     14.494191       0.857373      21.489240      21.489240      21.489240       8.573729
     14.529693       0.858772      21.542386      21.542386      21.542386       8.587723
     14.565195       0.860171      21.595532      21.595532      21.595532       8.601707
     14.600698       0.861568      21.648678      21.648678      21.648678       8.615679
     14.636200       0.862964      21.701825      21.701825      21.701825       8.629639
     14.671702       0.864359      21.754973      21.754973      21.754973       8.643588
     14.707204       0.865753      21.808120      21.808120      21.808120       8.657527
     14.742706       0.867145      21.861268      21.861268      21.861268       8.671453
     14.778208       0.868537      21.914417      21.914417      21.914417       8.685369
     14.813710       0.869927      21.967566      21.967566      21.967566       8.699274
     14.849213       0.871317      22.020715      22.020715      22.020715       8.713167
     14.884715       0.872705      22.073864      22.073864      22.073864       8.727049
     14.920217       0.874092      22.127014      22.127014      22.127014       8.740921
     14.955719       0.875478      22.180164      22.180164      22.180164       8.754781
     14.991221       0.876863      22.233314      22.233314      22.233314       8.768630
     15.026723       0.878247      22.286465      22.286465      22.286465       8.782469
     15.062226       0.879630      22.339616      22.339616      22.339616       8.796296
     15.097728       0.881011      22.392768      22.392768      22.392768       8.810113
     15.133230       0.882392      22.445920      22.445920      22.445920       8.823919
     15.168732       0.883771      22.499072      22.499072      22.499072       8.837714
     15.204234       0.885150      22.552224      22.552224      22.552224       8.851498
     15.239736       0.886527      22.605377      22.605377      22.605377       8.865272
     15.275238       0.887903      22.658530      22.658530      22.658530       8.879035
     15.310741       0.889279      22.711684      22.711684      22.711684       8.892787
     15.346243       0.890653      22.764837      22.764837      22.764837       8.906528
     15.381745       0.892026      22.817992      22.817992      22.817992       8.920259
     15.417247       0.893398      22.871146      22.871146      22.871146       8.933980
     15.452749       0.894769      22.924301      22.924301      22.924301       8.947690
     15.488251       0.896139      22.977456      22.977456      22.977456       8.961389
     15.523753       0.897508      23.030611      23.030611      23.030611       8.975078
     15.559256       0.898876      23.083767      23.083767      23.083767       8.988757
     15.594758       0.900242      23.136923      23.136923      23.136923       9.002425
     15.630260       0.901608      23.190079      23.190079      23.190079       9.016083
     15.665762       0.902973      23.243236      23.243236      23.243236       9.029730
     15.701264       0.904337      23.296393      23.296393      23.296393       9.043367
     15.736766       0.905699      23.349550      23.349550      23.349550       9.056994
     15.772268       0.907061      23.402708      23.402708      23.402708       9.070611
     15.807771       0.908422      23.455866      23.455866      23.455866       9.084217
     15.843273       0.909781      23.509024      23.509024      23.509024       9.097813
     15.878775       0.911140      23.562182      23.562182      23.562182       9.111399
     15.914277       0.912498      23.615341      23.615341      23.615341       9.124975
     15.949779       0.913854      23.668500      23.668500      23.668500       9.138541
     15.985281       0.915210      23.721660      23.721660      23.721660       9.152097
     16.020783       0.916564      23.774819      23.774819      23.774819       9.165643
     16.056286       0.917918      23.827979      23.827979      23.827979       9.179178
     16.091788       0.919270      23.881140      23.881140      23.881140       9.192704
     16.127290       0.920622      23.934300      23.934300      23.934300       9.206220
     16.162792       0.921973      23.987461      23.987461      23.987461       9.219726
     16.198294       0.923322      24.040622      24.040622      24.040622       9.233222
     16.233796       0.924671      24.093784      24.093784      24.093784       9.246708
     16.269298       0.926018      24.146945      24.146945      24.146945       9.260184
     16.304801       0.927365      24.200107      24.200107      24.200107       9.273651
     16.340303       0.928711      24.253270      24.253270      24.253270       9.287108
     16.375805       0.930055      24.306432      24.306432      24.306432       9.300555
     16.411307       0.931399      24.359595      24.359595      24.359595       9.313992
     16.446809       0.932742      24.412758      24.412758      24.412758       9.327420
     16.482311       0.934084      24.465922      24.465922      24.465922       9.340838
     16.517813       0.935425      24.519086      24.519086      24.519086       9.354246
     16.553316       0.936764      24.572250      24.572250      24.572250       9.367645
     16.588818       0.938103      24.625414      24.625414      24.625414       9.381034
     16.624320       0.939441      24.678579      24.678579      24.678579       9.394414
     16.659822       0.940778      24.731743      24.731743      24.731743       9.407784
     16.695324       0.942114      24.784909      24.784909      24.784909       9.421144
     16.730826       0.943450      24.838074      24.838074      24.838074       9.434495
     16.766328       0.944784      24.891240      24.891240      24.891240       9.447837
     16.801831       0.946117      24.944406      24.944406      24.944406       9.461169
     16.837333       0.947449      24.997572      24.997572      24.997572       9.474492
     16.872835       0.948781      25.050738      25.050738      25.050738       9.487806
     16.908337       0.950111      25.103905      25.103905      25.103905       9.501110
     16.943839       0.951440      25.157072      25.157072      25.157072       9.514405
     16.979341       0.952769      25.210239      25.210239      25.210239       9.527691
     17.014844       0.954097      25.263407      25.263407      25.263407       9.540967
     17.050346       0.955423      25.316575      25.316575      25.316575       9.554234
     17.085848       0.956749      25.369743      25.369743      25.369743       9.567492
     17.121350       0.958074      25.422911      25.422911      25.422911       9.580741
     17.156852       0.959398      25.476080      25.476080      25.476080       9.593980
     17.192354       0.960721      25.529249      25.529249      25.529249       9.607211
     17.227856       0.962043      25.582418      25.582418      25.582418       9.620432
     17.263359       0.963364      25.635587      25.635587      25.635587       9.633644
     17.298861       0.964685      25.688757      25.688757      25.688757       9.646848
     17.334363       0.966004      25.741927      25.741927      25.741927       9.660042
     17.369865       0.967323      25.795097      25.795097      25.795097       9.673227
     17.405367       0.968640      25.848267      25.848267      25.848267       9.686403
     17.440869       0.969957      25.901438      25.901438      25.901438       9.699570
     17.476371       0.971273      25.954609      25.954609      25.954609       9.712729
     17.511874       0.972588      26.007780      26.007780      26.007780       9.725878
     17.547376       0.973902      26.060951      26.060951      26.060951       9.739019
     17.582878       0.975215      26.114123      26.114123      26.114123       9.752150
     17.618380       0.976527      26.167295      26.167295      26.167295       9.765273
     17.653882       0.977839      26.220467      26.220467      26.220467       9.778387
     17.689384       0.979149      26.273639      26.273639      26.273639       9.791493
     17.724886       0.980459      26.326812      26.326812      26.326812       9.804589
     17.760389       0.981768      26.379985      26.379985      26.379985       9.817677
     17.795891       0.983076      26.433158      26.433158      26.433158       9.830756
     17.831393       0.984383      26.486331      26.486331      26.486331       9.843826
     17.866895       0.985689      26.539505      26.539505      26.539505       9.856888
     17.902397       0.986994      26.592678      26.592678      26.592678       9.869941
     17.937899       0.988299      26.645853      26.645853      26.645853       9.882985
     17.973401       0.989602      26.699027      26.699027      26.699027       9.896021
     18.008904       0.990905      26.752201      26.752201      26.752201       9.909048
     18.044406       0.992207      26.805376      26.805376      26.805376       9.922067
     18.079908       0.993508      26.858551      26.858551      26.858551       9.935077
     18.115410       0.994808      26.911726      26.911726      26.911726       9.948078
     18.150912       0.996107      26.964902      26.964902      26.964902       9.961071
     18.186414       0.997406      27.018077      27.018077      27.018077       9.974056
     18.221916       0.998703      27.071253      27.071253      27.071253       9.987032
     18.257419       1.000000      27.124430      27.124430      27.124430      10.000000
