  Omega0      e0        e1        e2       e11       e22       e33        ai      delta0  
   1.00000   1.00000   1.00000   1.00000   0.00000   0.00000   0.00000   0.10000   0.00000
      Tau        exp. factor        a1             a2             a3         exp. ratio   
      0.577350      0.100000      1.000000      1.000000      1.000000      1.000000
      0.625066      0.105437      1.072727      1.072727      1.072727      1.054365
      0.666133      0.110005      1.134201      1.134201      1.134201      1.100055
      0.709701      0.114751      1.198374      1.198374      1.198374      1.147513
      0.755925      0.119681      1.265362      1.265362      1.265362      1.196813
      0.804969      0.124803      1.335287      1.335287      1.335287      1.248034
      0.857004      0.130125      1.408274      1.408274      1.408274      1.301254
      0.912214      0.135656      1.484453      1.484453      1.484453      1.356557
      0.970792      0.141403      1.563961      1.563961      1.563961      1.414028
      1.032945      0.147375      1.646936      1.646936      1.646936      1.473755
      1.098890      0.153583      1.733526      1.733526      1.733526      1.535830
      1.168856      0.160035      1.823881      1.823881      1.823881      1.600348
      1.205423      0.163355      1.870519      1.870519      1.870519      1.633554
      1.243088      0.166741      1.918158      1.918158      1.918158      1.667407
      1.281885      0.170192      1.966819      1.966819      1.966819      1.701922
      1.321846      0.173711      2.016522      2.016522      2.016522      1.737111
      1.363006      0.177299      2.067288      2.067288      2.067288      1.772987
      1.405402      0.180956      2.119141      2.119141      2.119141      1.809565
      1.449070      0.184686      2.172101      2.172101      2.172101      1.846857
      1.494048      0.188488      2.226192      2.226192      2.226192      1.884879
      1.540375      0.192364      2.281437      2.281437      2.281437      1.923644
      1.588092      0.196317      2.337859      2.337859      2.337859      1.963168
      1.637239      0.200346      2.395483      2.395483      2.395483      2.003465
      1.687859      0.204455      2.454332      2.454332      2.454332      2.044551
      1.739996      0.208644      2.514433      2.514433      2.514433      2.086440
      1.793696      0.212915      2.575810      2.575810      2.575810      2.129150
      1.849004      0.217270      2.638489      2.638489      2.638489      2.172696
      1.905969      0.221710      2.702498      2.702498      2.702498      2.217095
      1.964640      0.226236      2.767862      2.767862      2.767862      2.262363
      2.025067      0.230852      2.834610      2.834610      2.834610      2.308518
      2.087303      0.235558      2.902769      2.902769      2.902769      2.355577
      2.151401      0.240356      2.972369      2.972369      2.972369      2.403558
      2.217417      0.245248      3.043439      3.043439      3.043439      2.452479
      2.285407      0.250236      3.116007      3.116007      3.116007      2.502358
      2.355431      0.255321      3.190106      3.190106      3.190106      2.553215
      2.427548      0.260507      3.265764      3.265764      3.265764      2.605068
      2.501821      0.265794      3.343016      3.343016      3.343016      2.657937
      2.578314      0.271184      3.421891      3.421891      3.421891      2.711841
      2.657092      0.276680      3.502424      3.502424      3.502424      2.766803
      2.738224      0.282284      3.584647      3.584647      3.584647      2.822841
      2.821779      0.287998      3.668596      3.668596      3.668596      2.879977
      2.907828      0.293823      3.754304      3.754304      3.754304      2.938233
      2.996447      0.299763      3.841807      3.841807      3.841807      2.997631
      3.087710      0.305819      3.931141      3.931141      3.931141      3.058192
      3.181697      0.311994      4.022344      4.022344      4.022344      3.119940
      3.278488      0.318290      4.115452      4.115452      4.115452      3.182899
      3.378166      0.324709      4.210505      4.210505      4.210505      3.247090
      3.480816      0.331254      4.307541      4.307541      4.307541      3.312540
      3.586527      0.337927      4.406601      4.406601      4.406601      3.379272
      3.695390      0.344731      4.507724      4.507724      4.507724      3.447312
      3.807496      0.351668      4.610953      4.610953      4.610953      3.516685
      3.922944      0.358742      4.716329      4.716329      4.716329      3.587416
      4.041830      0.365953      4.823896      4.823896      4.823896      3.659534
      4.164258      0.373306      4.933698      4.933698      4.933698      3.733064
      4.290331      0.380804      5.045780      5.045780      5.045780      3.808035
      4.420158      0.388447      5.160187      5.160187      5.160187      3.884475
      4.553850      0.396241      5.276965      5.276965      5.276965      3.962412
      4.691521      0.404187      5.396164      5.396164      5.396164      4.041875
      4.833289      0.412289      5.517830      5.517830      5.517830      4.122895
      4.979274      0.420550      5.642014      5.642014      5.642014      4.205501
      5.129601      0.428973      5.768765      5.768765      5.768765      4.289725
      5.284400      0.437560      5.898136      5.898136      5.898136      4.375599
      5.443801      0.446315      6.030178      6.030178      6.030178      4.463154
      5.607941      0.455242      6.164946      6.164946      6.164946      4.552424
      5.776959      0.464344      6.302492      6.302492      6.302492      4.643441
      5.951001      0.473624      6.442874      6.442874      6.442874      4.736241
      6.130214      0.483086      6.586147      6.586147      6.586147      4.830857
      6.314751      0.492733      6.732370      6.732370      6.732370      4.927325
      6.504769      0.502568      6.881601      6.881601      6.881601      5.025682
      6.700431      0.512596      7.033901      7.033901      7.033901      5.125964
      6.901901      0.522821      7.189329      7.189329      7.189329      5.228209
      7.109353      0.533245      7.347950      7.347950      7.347950      5.332454
      7.322963      0.543874      7.509827      7.509827      7.509827      5.438740
      7.542912      0.554711      7.675024      7.675024      7.675024      5.547106
      7.769388      0.565759      7.843607      7.843607      7.843607      5.657592
      8.002583      0.577024      8.015645      8.015645      8.015645      5.770240
      8.242695      0.588509      8.191205      8.191205      8.191205      5.885092
      8.489928      0.600219      8.370359      8.370359      8.370359      6.002190
      8.744493      0.612158      8.553178      8.553178      8.553178      6.121580
      9.006606      0.624330      8.739734      8.739734      8.739734      6.243304
      9.276488      0.636741      8.930101      8.930101      8.930101      6.367410
      9.554370      0.649394      9.124357      9.124357      9.124357      6.493943
      9.840487      0.662295      9.322577      9.322577      9.322577      6.622950
     10.135082      0.675448      9.524842      9.524842      9.524842      6.754480
     10.438405      0.688858      9.731230      9.731230      9.731230      6.888582
     10.750713      0.702531      9.941825      9.941825      9.941825      7.025307
     11.072211      0.716468     10.156668     10.156668     10.156668      7.164677
     11.403107      0.730672     10.375806     10.375806     10.375806      7.306722
     11.743677      0.745149     10.599323     10.599323     10.599323      7.451490
     12.094197      0.759904     10.827302     10.827302     10.827302      7.599035
     12.454958      0.774941     11.059831     11.059831     11.059831      7.749409
     12.826253      0.790267     11.296998     11.296998     11.296998      7.902666
     13.208389      0.805886     11.538892     11.538892     11.538892      8.058861
     13.601677      0.821805     11.785606     11.785606     11.785606      8.218049
     14.006440      0.838029     12.037231     12.037231     12.037231      8.380288
     14.423010      0.854564     12.293864     12.293864     12.293864      8.545635
     14.851726      0.871415     12.555601     12.555601     12.555601      8.714150
     15.292941      0.888589     12.822541     12.822541     12.822541      8.885893
     15.747014      0.906093     13.094784     13.094784     13.094784      9.060925
     16.214316      0.923931     13.372433     13.372433     13.372433      9.239309
     16.695230      0.942111     13.655593     13.655593     13.655593      9.421109
     17.190147      0.960639     13.944369     13.944369     13.944369      9.606389
     17.699473      0.979521     14.238871     14.238871     14.238871      9.795215
     18.223621      0.998766     14.539208     14.539208     14.539208      9.987655
     18.257419      1.000000     14.558482     14.558482     14.558482     10.000000
