  Omega0      e0        e1        e2       e11       e22       e33        ai      delta0  
   1.00000   1.00000   0.90000   0.80000   0.00000   0.00000   0.00000   0.10000  -0.32069
      Tau        exp. factor        a1             a2             a3         exp. ratio   
      0.577350      0.100000      1.000000      0.900000      0.800000      1.000000
      0.612781      0.104050      1.056599      0.954666      0.853230      1.040505
      0.648212      0.108024      1.113197      1.009332      0.906461      1.080236
      0.683643      0.111925      1.169796      1.063998      0.959691      1.119249
      0.719074      0.115759      1.226395      1.118664      1.012922      1.157594
      0.754505      0.119531      1.282994      1.173330      1.066152      1.195314
      0.789936      0.123245      1.339592      1.227996      1.119383      1.232448
      0.825367      0.126903      1.396191      1.282662      1.172613      1.269030
      0.860798      0.130509      1.452790      1.337328      1.225844      1.305093
      0.896229      0.134066      1.509388      1.391994      1.279074      1.340664
      0.931660      0.137577      1.565987      1.446660      1.332305      1.375769
      0.967091      0.141043      1.622586      1.501326      1.385535      1.410432
      1.002522      0.144467      1.679185      1.555992      1.438766      1.444674
      1.037953      0.147851      1.735783      1.610658      1.491996      1.478515
      1.073384      0.151197      1.792382      1.665325      1.545227      1.511973
      1.108815      0.154506      1.848981      1.719991      1.598457      1.545064
      1.144246      0.157781      1.905579      1.774657      1.651688      1.577805
      1.179677      0.161021      1.962178      1.829323      1.704918      1.610210
      1.215108      0.164229      2.018777      1.883989      1.758149      1.642292
      1.250539      0.167406      2.075376      1.938655      1.811379      1.674064
      1.285970      0.170554      2.131974      1.993321      1.864610      1.705537
      1.321401      0.173672      2.188573      2.047987      1.917840      1.736722
      1.356832      0.176763      2.245172      2.102653      1.971071      1.767629
      1.392263      0.179827      2.301770      2.157319      2.024301      1.798269
      1.427694      0.182865      2.358369      2.211985      2.077531      1.828650
      1.463125      0.185878      2.414968      2.266651      2.130762      1.858780
      1.498556      0.188867      2.471567      2.321317      2.183992      1.888669
      1.533987      0.191832      2.528165      2.375983      2.237223      1.918322
      1.569418      0.194775      2.584764      2.430649      2.290453      1.947749
      1.604849      0.197695      2.641363      2.485315      2.343684      1.976954
      1.640280      0.200595      2.697962      2.539981      2.396914      2.005945
      1.675711      0.203473      2.754560      2.594647      2.450145      2.034729
      1.711142      0.206331      2.811159      2.649313      2.503375      2.063310
      1.746573      0.209169      2.867758      2.703979      2.556606      2.091695
      1.782004      0.211989      2.924356      2.758645      2.609836      2.119888
      1.817435      0.214789      2.980955      2.813311      2.663067      2.147895
      1.852866      0.217572      3.037554      2.867977      2.716297      2.175721
      1.888297      0.220337      3.094153      2.922643      2.769528      2.203369
      1.923728      0.223085      3.150751      2.977309      2.822758      2.230846
      1.959159      0.225815      3.207350      3.031975      2.875989      2.258154
      1.994590      0.228530      3.263949      3.086641      2.929219      2.285298
      2.030021      0.231228      3.320547      3.141307      2.982450      2.312282
      2.065452      0.233911      3.377146      3.195974      3.035680      2.339109
      2.100883      0.236578      3.433745      3.250640      3.088911      2.365784
      2.136314      0.239231      3.490344      3.305306      3.142141      2.392308
      2.171745      0.241869      3.546942      3.359972      3.195372      2.418687
      2.207176      0.244492      3.603541      3.414638      3.248602      2.444922
      2.242607      0.247102      3.660140      3.469304      3.301832      2.471018
      2.278038      0.249698      3.716738      3.523970      3.355063      2.496976
      2.313469      0.252280      3.773337      3.578636      3.408293      2.522800
      2.348900      0.254849      3.829936      3.633302      3.461524      2.548493
      2.384331      0.257406      3.886535      3.687968      3.514754      2.574057
      2.419762      0.259949      3.943133      3.742634      3.567985      2.599494
      2.455193      0.262481      3.999732      3.797300      3.621215      2.624808
      2.490624      0.265000      4.056331      3.851966      3.674446      2.650000
      2.526055      0.267507      4.112929      3.906632      3.727676      2.675073
      2.561486      0.270003      4.169528      3.961298      3.780907      2.700029
      2.596917      0.272487      4.226127      4.015964      3.834137      2.724870
      2.632348      0.274960      4.282726      4.070630      3.887368      2.749599
      2.667779      0.277422      4.339324      4.125296      3.940598      2.774216
      2.703210      0.279873      4.395923      4.179962      3.993829      2.798725
      2.738641      0.282313      4.452522      4.234628      4.047059      2.823128
      2.774072      0.284742      4.509120      4.289294      4.100290      2.847425
      2.809503      0.287162      4.565719      4.343960      4.153520      2.871619
      2.844934      0.289571      4.622318      4.398626      4.206751      2.895711
      2.880365      0.291970      4.678917      4.453292      4.259981      2.919704
      2.915796      0.294360      4.735515      4.507958      4.313212      2.943598
      2.951227      0.296740      4.792114      4.562624      4.366442      2.967396
      2.986658      0.299110      4.848713      4.617290      4.419673      2.991099
      3.022089      0.301471      4.905311      4.671957      4.472903      3.014708
      3.057520      0.303823      4.961910      4.726623      4.526133      3.038225
      3.092951      0.306165      5.018509      4.781289      4.579364      3.061652
      3.128382      0.308499      5.075108      4.835955      4.632594      3.084989
      3.163813      0.310824      5.131706      4.890621      4.685825      3.108238
      3.199244      0.313140      5.188305      4.945287      4.739055      3.131401
      3.234675      0.315448      5.244904      4.999953      4.792286      3.154478
      3.270106      0.317747      5.301503      5.054619      4.845516      3.177471
      3.305537      0.320038      5.358101      5.109285      4.898747      3.200382
      3.340968      0.322321      5.414700      5.163951      4.951977      3.223210
      3.376399      0.324596      5.471299      5.218617      5.005208      3.245958
      3.411830      0.326863      5.527897      5.273283      5.058438      3.268627
      3.447261      0.329122      5.584496      5.327949      5.111669      3.291217
      3.482692      0.331373      5.641095      5.382615      5.164899      3.313730
      3.518123      0.333617      5.697694      5.437281      5.218130      3.336167
      3.553554      0.335853      5.754292      5.491947      5.271360      3.358529
      3.588985      0.338082      5.810891      5.546613      5.324591      3.380816
      3.624416      0.340303      5.867490      5.601279      5.377821      3.403030
      3.659847      0.342517      5.924088      5.655945      5.431052      3.425172
      3.695278      0.344724      5.980687      5.710611      5.484282      3.447243
      3.730709      0.346924      6.037286      5.765277      5.537513      3.469243
      3.766140      0.349117      6.093885      5.819943      5.590743      3.491173
      3.801571      0.351304      6.150483      5.874609      5.643973      3.513035
      3.837002      0.353483      6.207082      5.929275      5.697204      3.534829
      3.872433      0.355656      6.263681      5.983941      5.750434      3.556556
      3.907864      0.357822      6.320279      6.038607      5.803665      3.578217
      3.943295      0.359981      6.376878      6.093273      5.856895      3.599813
      3.978726      0.362134      6.433477      6.147940      5.910126      3.621344
      4.014157      0.364281      6.490076      6.202606      5.963356      3.642811
      4.049588      0.366422      6.546674      6.257272      6.016587      3.664215
      4.085019      0.368556      6.603273      6.311938      6.069817      3.685557
      4.120450      0.370684      6.659872      6.366604      6.123048      3.706837
      4.155881      0.372806      6.716470      6.421270      6.176278      3.728057
      4.191312      0.374922      6.773069      6.475936      6.229509      3.749216
      4.226743      0.377032      6.829668      6.530602      6.282739      3.770315
      4.262174      0.379136      6.886267      6.585268      6.335970      3.791356
      4.297605      0.381234      6.942865      6.639934      6.389200      3.812338
      4.333036      0.383326      6.999464      6.694600      6.442431      3.833263
      4.368467      0.385413      7.056063      6.749266      6.495661      3.854131
      4.403898      0.387494      7.112661      6.803932      6.548892      3.874942
      4.439329      0.389570      7.169260      6.858598      6.602122      3.895698
      4.474760      0.391640      7.225859      6.913264      6.655353      3.916399
      4.510191      0.393705      7.282458      6.967930      6.708583      3.937045
      4.545622      0.395764      7.339056      7.022596      6.761814      3.957637
      4.581053      0.397818      7.395655      7.077262      6.815044      3.978176
      4.616484      0.399866      7.452254      7.131928      6.868274      3.998662
      4.651915      0.401910      7.508852      7.186594      6.921505      4.019095
      4.687346      0.403948      7.565451      7.241260      6.974735      4.039477
      4.722777      0.405981      7.622050      7.295926      7.027966      4.059807
      4.758208      0.408009      7.678649      7.350592      7.081196      4.080087
      4.793639      0.410032      7.735247      7.405258      7.134427      4.100316
      4.829070      0.412050      7.791846      7.459924      7.187657      4.120495
      4.864501      0.414063      7.848445      7.514590      7.240888      4.140626
      4.899932      0.416071      7.905044      7.569256      7.294118      4.160707
      4.935363      0.418074      7.961642      7.623922      7.347349      4.180740
      4.970794      0.420073      8.018241      7.678589      7.400579      4.200725
      5.006225      0.422066      8.074840      7.733255      7.453810      4.220663
      5.041656      0.424055      8.131438      7.787921      7.507040      4.240554
      5.077087      0.426040      8.188037      7.842587      7.560271      4.260398
      5.112518      0.428020      8.244636      7.897253      7.613501      4.280196
      5.147949      0.429995      8.301235      7.951919      7.666732      4.299948
      5.183380      0.431966      8.357833      8.006585      7.719962      4.319656
      5.218811      0.433932      8.414432      8.061251      7.773193      4.339318
      5.254242      0.435894      8.471031      8.115917      7.826423      4.358936
      5.289673      0.437851      8.527629      8.170583      7.879654      4.378510
      5.325104      0.439804      8.584228      8.225249      7.932884      4.398040
      5.360535      0.441753      8.640827      8.279915      7.986115      4.417527
      5.395966      0.443697      8.697426      8.334581      8.039345      4.436971
      5.431397      0.445637      8.754024      8.389247      8.092575      4.456372
      5.466828      0.447573      8.810623      8.443913      8.145806      4.475732
      5.502259      0.449505      8.867222      8.498579      8.199036      4.495049
      5.537690      0.451433      8.923820      8.553245      8.252267      4.514325
      5.573121      0.453356      8.980419      8.607911      8.305497      4.533560
      5.608552      0.455275      9.037018      8.662577      8.358728      4.552755
      5.643983      0.457191      9.093617      8.717243      8.411958      4.571909
      5.679414      0.459102      9.150215      8.771909      8.465189      4.591023
      5.714845      0.461010      9.206814      8.826575      8.518419      4.610097
      5.750276      0.462913      9.263413      8.881241      8.571650      4.629132
      5.785707      0.464813      9.320011      8.935907      8.624880      4.648128
      5.821138      0.466708      9.376610      8.990573      8.678111      4.667085
      5.856569      0.468600      9.433209      9.045239      8.731341      4.686003
      5.892000      0.470488      9.489808      9.099905      8.784572      4.704884
      5.927431      0.472373      9.546406      9.154572      8.837802      4.723727
      5.962862      0.474253      9.603005      9.209238      8.891033      4.742532
      5.998293      0.476130      9.659604      9.263904      8.944263      4.761300
      6.033724      0.478003      9.716202      9.318570      8.997494      4.780031
      6.069155      0.479873      9.772801      9.373236      9.050724      4.798725
      6.104586      0.481738      9.829400      9.427902      9.103955      4.817384
      6.140017      0.483601      9.885999      9.482568      9.157185      4.836006
      6.175448      0.485459      9.942597      9.537234      9.210416      4.854592
      6.210879      0.487314      9.999196      9.591900      9.263646      4.873143
      6.246310      0.489166     10.055795      9.646566      9.316876      4.891658
      6.281741      0.491014     10.112393      9.701232      9.370107      4.910139
      6.317172      0.492858     10.168992      9.755898      9.423337      4.928585
      6.352603      0.494700     10.225591      9.810564      9.476568      4.946996
      6.388034      0.496537     10.282190      9.865230      9.529798      4.965373
      6.423465      0.498372     10.338788      9.919896      9.583029      4.983716
      6.458896      0.500203     10.395387      9.974562      9.636259      5.002026
      6.494327      0.502030     10.451986     10.029228      9.689490      5.020302
      6.529758      0.503855     10.508585     10.083894      9.742720      5.038545
      6.565189      0.505675     10.565183     10.138560      9.795951      5.056755
      6.600620      0.507493     10.621782     10.193226      9.849181      5.074932
      6.636051      0.509308     10.678381     10.247892      9.902412      5.093077
      6.671482      0.511119     10.734979     10.302558      9.955642      5.111189
      6.706913      0.512927     10.791578     10.357224     10.008873      5.129270
      6.742344      0.514732     10.848177     10.411890     10.062103      5.147318
      6.777775      0.516534     10.904776     10.466556     10.115334      5.165335
      6.813206      0.518332     10.961374     10.521222     10.168564      5.183321
      6.848637      0.520128     11.017973     10.575888     10.221795      5.201275
      6.884068      0.521920     11.074572     10.630555     10.275025      5.219199
      6.919499      0.523709     11.131170     10.685221     10.328256      5.237092
      6.954930      0.525495     11.187769     10.739887     10.381486      5.254954
      6.990361      0.527279     11.244368     10.794553     10.434717      5.272786
      7.025792      0.529059     11.300967     10.849219     10.487947      5.290588
      7.061223      0.530836     11.357565     10.903885     10.541177      5.308360
      7.096654      0.532610     11.414164     10.958551     10.594408      5.326102
      7.132085      0.534382     11.470763     11.013217     10.647638      5.343815
      7.167516      0.536150     11.527361     11.067883     10.700869      5.361499
      7.202947      0.537915     11.583960     11.122549     10.754099      5.379153
      7.238378      0.539678     11.640559     11.177215     10.807330      5.396778
      7.273809      0.541438     11.697158     11.231881     10.860560      5.414375
      7.309240      0.543194     11.753756     11.286547     10.913791      5.431943
      7.344671      0.544948     11.810355     11.341213     10.967021      5.449483
      7.380102      0.546699     11.866954     11.395879     11.020252      5.466995
      7.415533      0.548448     11.923552     11.450545     11.073482      5.484478
      7.450964      0.550193     11.980151     11.505211     11.126713      5.501934
      7.486395      0.551936     12.036750     11.559877     11.179943      5.519362
      7.521826      0.553676     12.093349     11.614543     11.233174      5.536763
      7.557257      0.555414     12.149947     11.669209     11.286404      5.554136
      7.592688      0.557148     12.206546     11.723875     11.339635      5.571483
      7.628119      0.558880     12.263145     11.778541     11.392865      5.588802
      7.663550      0.560609     12.319743     11.833207     11.446096      5.606095
      7.698981      0.562336     12.376342     11.887873     11.499326      5.623360
      7.734412      0.564060     12.432941     11.942539     11.552557      5.640600
      7.769843      0.565781     12.489540     11.997205     11.605787      5.657813
      7.805274      0.567500     12.546138     12.051871     11.659018      5.675000
      7.840705      0.569216     12.602737     12.106537     11.712248      5.692161
      7.876136      0.570930     12.659336     12.161204     11.765478      5.709296
      7.911567      0.572641     12.715934     12.215870     11.818709      5.726405
      7.946998      0.574349     12.772533     12.270536     11.871939      5.743489
      7.982429      0.576055     12.829132     12.325202     11.925170      5.760548
      8.017860      0.577758     12.885731     12.379868     11.978400      5.777581
      8.053291      0.579459     12.942329     12.434534     12.031631      5.794590
      8.088722      0.581157     12.998928     12.489200     12.084861      5.811573
      8.124153      0.582853     13.055527     12.543866     12.138092      5.828531
      8.159584      0.584547     13.112126     12.598532     12.191322      5.845465
      8.195015      0.586237     13.168724     12.653198     12.244553      5.862375
      8.230446      0.587926     13.225323     12.707864     12.297783      5.879260
      8.265877      0.589612     13.281922     12.762530     12.351014      5.896121
      8.301308      0.591296     13.338520     12.817196     12.404244      5.912958
      8.336739      0.592977     13.395119     12.871862     12.457475      5.929771
      8.372170      0.594656     13.451718     12.926528     12.510705      5.946560
      8.407601      0.596333     13.508317     12.981194     12.563936      5.963325
      8.443032      0.598007     13.564915     13.035860     12.617166      5.980067
      8.478463      0.599679     13.621514     13.090526     12.670397      5.996785
      8.513894      0.601348     13.678113     13.145192     12.723627      6.013481
      8.549325      0.603015     13.734711     13.199858     12.776858      6.030153
      8.584756      0.604680     13.791310     13.254524     12.830088      6.046802
      8.620187      0.606343     13.847909     13.309190     12.883319      6.063428
      8.655618      0.608003     13.904508     13.363856     12.936549      6.080031
      8.691049      0.609661     13.961106     13.418522     12.989779      6.096612
      8.726480      0.611317     14.017705     13.473188     13.043010      6.113170
      8.761911      0.612971     14.074304     13.527854     13.096240      6.129706
      8.797342      0.614622     14.130902     13.582520     13.149471      6.146220
      8.832773      0.616271     14.187501     13.637187     13.202701      6.162711
      8.868204      0.617918     14.244100     13.691853     13.255932      6.179180
      8.903635      0.619563     14.300699     13.746519     13.309162      6.195628
      8.939066      0.621205     14.357297     13.801185     13.362393      6.212053
      8.974497      0.622846     14.413896     13.855851     13.415623      6.228457
      9.009928      0.624484     14.470495     13.910517     13.468854      6.244840
      9.045359      0.626120     14.527093     13.965183     13.522084      6.261201
      9.080790      0.627754     14.583692     14.019849     13.575315      6.277540
      9.116221      0.629386     14.640291     14.074515     13.628545      6.293859
      9.151652      0.631016     14.696890     14.129181     13.681776      6.310156
      9.187083      0.632643     14.753488     14.183847     13.735006      6.326432
      9.222514      0.634269     14.810087     14.238513     13.788237      6.342687
      9.257945      0.635892     14.866686     14.293179     13.841467      6.358922
      9.293376      0.637514     14.923284     14.347845     13.894698      6.375136
      9.328807      0.639133     14.979883     14.402511     13.947928      6.391329
      9.364238      0.640750     15.036482     14.457177     14.001159      6.407501
      9.399669      0.642365     15.093081     14.511843     14.054389      6.423654
      9.435100      0.643979     15.149679     14.566509     14.107620      6.439786
      9.470531      0.645590     15.206278     14.621175     14.160850      6.455898
      9.505962      0.647199     15.262877     14.675841     14.214080      6.471989
      9.541393      0.648806     15.319475     14.730507     14.267311      6.488061
      9.576824      0.650411     15.376074     14.785173     14.320541      6.504113
      9.612255      0.652015     15.432673     14.839839     14.373772      6.520145
      9.647686      0.653616     15.489272     14.894505     14.427002      6.536158
      9.683117      0.655215     15.545870     14.949171     14.480233      6.552151
      9.718548      0.656812     15.602469     15.003837     14.533463      6.568124
      9.753979      0.658408     15.659068     15.058503     14.586694      6.584078
      9.789410      0.660001     15.715667     15.113170     14.639924      6.600013
      9.824841      0.661593     15.772265     15.167836     14.693155      6.615928
      9.860272      0.663182     15.828864     15.222502     14.746385      6.631824
      9.895703      0.664770     15.885463     15.277168     14.799616      6.647702
      9.931134      0.666356     15.942061     15.331834     14.852846      6.663560
      9.966565      0.667940     15.998660     15.386500     14.906077      6.679399
     10.001996      0.669522     16.055259     15.441166     14.959307      6.695220
     10.037427      0.671102     16.111858     15.495832     15.012538      6.711022
     10.072858      0.672681     16.168456     15.550498     15.065768      6.726806
     10.108289      0.674257     16.225055     15.605164     15.118999      6.742571
     10.143720      0.675832     16.281654     15.659830     15.172229      6.758317
     10.179151      0.677405     16.338252     15.714496     15.225460      6.774046
     10.214582      0.678976     16.394851     15.769162     15.278690      6.789756
     10.250013      0.680545     16.451450     15.823828     15.331920      6.805448
     10.285444      0.682112     16.508049     15.878494     15.385151      6.821121
     10.320875      0.683678     16.564647     15.933160     15.438381      6.836777
     10.356306      0.685242     16.621246     15.987826     15.491612      6.852415
     10.391737      0.686804     16.677845     16.042492     15.544842      6.868035
     10.427168      0.688364     16.734443     16.097158     15.598073      6.883638
     10.462599      0.689922     16.791042     16.151824     15.651303      6.899222
     10.498030      0.691479     16.847641     16.206490     15.704534      6.914789
     10.533461      0.693034     16.904240     16.261156     15.757764      6.930339
     10.568892      0.694587     16.960838     16.315822     15.810995      6.945871
     10.604323      0.696139     17.017437     16.370488     15.864225      6.961386
     10.639754      0.697688     17.074036     16.425154     15.917456      6.976884
     10.675185      0.699236     17.130634     16.479820     15.970686      6.992364
     10.710616      0.700783     17.187233     16.534486     16.023917      7.007827
     10.746047      0.702327     17.243832     16.589152     16.077147      7.023273
     10.781478      0.703870     17.300431     16.643819     16.130378      7.038703
     10.816909      0.705411     17.357029     16.698485     16.183608      7.054115
     10.852340      0.706951     17.413628     16.753151     16.236839      7.069510
     10.887771      0.708489     17.470227     16.807817     16.290069      7.084889
     10.923202      0.710025     17.526825     16.862483     16.343300      7.100251
     10.958633      0.711560     17.583424     16.917149     16.396530      7.115597
     10.994064      0.713093     17.640023     16.971815     16.449761      7.130926
     11.029495      0.714624     17.696622     17.026481     16.502991      7.146238
     11.064926      0.716153     17.753220     17.081147     16.556221      7.161535
     11.100357      0.717681     17.809819     17.135813     16.609452      7.176814
     11.135788      0.719208     17.866418     17.190479     16.662682      7.192078
     11.171219      0.720733     17.923017     17.245145     16.715913      7.207325
     11.206650      0.722256     17.979616     17.299811     16.769143      7.222557
     11.242081      0.723777     18.036215     17.354477     16.822374      7.237772
     11.277512      0.725297     18.092815     17.409143     16.875604      7.252971
     11.312943      0.726815     18.149414     17.463809     16.928835      7.268154
     11.348374      0.728332     18.206014     17.518475     16.982065      7.283322
     11.383805      0.729847     18.262615     17.573141     17.035296      7.298474
     11.419236      0.731361     18.319216     17.627807     17.088526      7.313610
     11.454667      0.732873     18.375817     17.682473     17.141757      7.328730
     11.490098      0.734383     18.432419     17.737139     17.194987      7.343835
     11.525529      0.735892     18.489021     17.791805     17.248218      7.358924
     11.560960      0.737400     18.545624     17.846471     17.301448      7.373998
     11.596391      0.738906     18.602228     17.901137     17.354679      7.389056
     11.631822      0.740410     18.658832     17.955803     17.407909      7.404099
     11.667253      0.741913     18.715436     18.010469     17.461140      7.419127
     11.702684      0.743414     18.772042     18.065135     17.514370      7.434140
     11.738115      0.744914     18.828648     18.119802     17.567601      7.449137
     11.773546      0.746412     18.885255     18.174468     17.620831      7.464120
     11.808977      0.747909     18.941863     18.229134     17.674062      7.479087
     11.844408      0.749404     18.998472     18.283800     17.727292      7.494040
     11.879839      0.750898     19.055082     18.338466     17.780522      7.508977
     11.915270      0.752390     19.111693     18.393132     17.833753      7.523900
     11.950701      0.753881     19.168304     18.447798     17.886983      7.538808
     11.986132      0.755370     19.224917     18.502464     17.940214      7.553701
     12.021563      0.756858     19.281531     18.557130     17.993444      7.568579
     12.056994      0.758344     19.338146     18.611796     18.046675      7.583443
     12.092425      0.759829     19.394762     18.666462     18.099905      7.598293
     12.127856      0.761313     19.451379     18.721128     18.153136      7.613127
     12.163287      0.762795     19.507997     18.775794     18.206366      7.627948
     12.198718      0.764275     19.564617     18.830460     18.259597      7.642754
     12.234149      0.765755     19.621238     18.885126     18.312827      7.657546
     12.269580      0.767232     19.677860     18.939792     18.366058      7.672323
     12.305011      0.768709     19.734484     18.994458     18.419288      7.687086
     12.340442      0.770184     19.791109     19.049124     18.472519      7.701835
     12.375873      0.771657     19.847735     19.103790     18.525749      7.716570
     12.411304      0.773129     19.904363     19.158456     18.578980      7.731291
     12.446735      0.774600     19.960993     19.213122     18.632210      7.745998
     12.482166      0.776069     20.017623     19.267788     18.685441      7.760691
     12.517597      0.777537     20.074256     19.322454     18.738671      7.775370
     12.553028      0.779004     20.130890     19.377120     18.791902      7.790035
     12.588459      0.780469     20.187526     19.431786     18.845132      7.804686
     12.623890      0.781932     20.244163     19.486452     18.898363      7.819324
     12.659321      0.783395     20.300802     19.541118     18.951593      7.833948
     12.694752      0.784856     20.357443     19.595784     19.004823      7.848558
     12.730183      0.786316     20.414085     19.650451     19.058054      7.863155
     12.765614      0.787774     20.470729     19.705117     19.111284      7.877738
     12.801045      0.789231     20.527376     19.759783     19.164515      7.892308
     12.836476      0.790686     20.584023     19.814449     19.217745      7.906864
     12.871907      0.792141     20.640673     19.869115     19.270976      7.921407
     12.907338      0.793594     20.697325     19.923781     19.324206      7.935937
     12.942769      0.795045     20.753979     19.978447     19.377437      7.950453
     12.978200      0.796496     20.810634     20.033113     19.430667      7.964956
     13.013631      0.797945     20.867292     20.087779     19.483898      7.979446
     13.049062      0.799392     20.923952     20.142445     19.537128      7.993923
     13.084493      0.800839     20.980614     20.197111     19.590359      8.008386
     13.119924      0.802284     21.037277     20.251777     19.643589      8.022837
     13.155355      0.803727     21.093943     20.306443     19.696820      8.037274
     13.190786      0.805170     21.150612     20.361109     19.750050      8.051699
     13.226217      0.806611     21.207282     20.415775     19.803281      8.066111
     13.261648      0.808051     21.263955     20.470441     19.856511      8.080509
     13.297079      0.809490     21.320629     20.525107     19.909742      8.094895
     13.332510      0.810927     21.377306     20.579773     19.962972      8.109269
     13.367941      0.812363     21.433986     20.634439     20.016203      8.123629
     13.403372      0.813798     21.490668     20.689105     20.069433      8.137977
     13.438803      0.815231     21.547352     20.743771     20.122664      8.152312
     13.474234      0.816663     21.604038     20.798437     20.175894      8.166635
     13.509665      0.818094     21.660727     20.853103     20.229124      8.180945
     13.545096      0.819524     21.717418     20.907769     20.282355      8.195242
     13.580527      0.820953     21.774112     20.962435     20.335585      8.209528
     13.615958      0.822380     21.830809     21.017101     20.388816      8.223800
     13.651389      0.823806     21.887508     21.071767     20.442046      8.238060
     13.686820      0.825231     21.944209     21.126434     20.495277      8.252308
     13.722251      0.826654     22.000913     21.181100     20.548507      8.266544
     13.757682      0.828077     22.057620     21.235766     20.601738      8.280767
     13.793113      0.829498     22.114329     21.290432     20.654968      8.294979
     13.828544      0.830918     22.171041     21.345098     20.708199      8.309178
     13.863975      0.832336     22.227756     21.399764     20.761429      8.323365
     13.899406      0.833754     22.284473     21.454430     20.814660      8.337540
     13.934837      0.835170     22.341193     21.509096     20.867890      8.351702
     13.970268      0.836585     22.397916     21.563762     20.921121      8.365853
     14.005699      0.837999     22.454642     21.618428     20.974351      8.379992
     14.041130      0.839412     22.511371     21.673094     21.027582      8.394119
     14.076561      0.840823     22.568102     21.727760     21.080812      8.408234
     14.111992      0.842234     22.624836     21.782426     21.134043      8.422337
     14.147423      0.843643     22.681574     21.837092     21.187273      8.436429
     14.182854      0.845051     22.738314     21.891758     21.240504      8.450508
     14.218285      0.846458     22.795057     21.946424     21.293734      8.464576
     14.253716      0.847863     22.851803     22.001090     21.346965      8.478633
     14.289147      0.849268     22.908552     22.055756     21.400195      8.492677
     14.324578      0.850671     22.965305     22.110422     21.453425      8.506710
     14.360009      0.852073     23.022060     22.165088     21.506656      8.520732
     14.395440      0.853474     23.078818     22.219754     21.559886      8.534742
     14.430871      0.854874     23.135580     22.274420     21.613117      8.548740
     14.466302      0.856273     23.192344     22.329086     21.666347      8.562727
     14.501733      0.857670     23.249112     22.383752     21.719578      8.576703
     14.537164      0.859067     23.305883     22.438418     21.772808      8.590667
     14.572595      0.860462     23.362657     22.493084     21.826039      8.604620
     14.608026      0.861856     23.419435     22.547750     21.879269      8.618561
     14.643457      0.863249     23.476216     22.602417     21.932500      8.632491
     14.678888      0.864641     23.533000     22.657083     21.985730      8.646411
     14.714319      0.866032     23.589787     22.711749     22.038961      8.660318
     14.749750      0.867422     23.646578     22.766415     22.092191      8.674215
     14.785181      0.868810     23.703372     22.821081     22.145422      8.688101
     14.820612      0.870198     23.760169     22.875747     22.198652      8.701975
     14.856043      0.871584     23.816970     22.930413     22.251883      8.715839
     14.891474      0.872969     23.873774     22.985079     22.305113      8.729691
     14.926905      0.874353     23.930582     23.039745     22.358344      8.743532
     14.962336      0.875736     23.987393     23.094411     22.411574      8.757363
     14.997767      0.877118     24.044208     23.149077     22.464805      8.771183
     15.033198      0.878499     24.101026     23.203743     22.518035      8.784991
     15.068629      0.879879     24.157848     23.258409     22.571266      8.798789
     15.104060      0.881258     24.214673     23.313075     22.624496      8.812576
     15.139491      0.882635     24.271502     23.367741     22.677726      8.826352
     15.174922      0.884012     24.328334     23.422407     22.730957      8.840118
     15.210353      0.885387     24.385171     23.477073     22.784187      8.853873
     15.245784      0.886762     24.442011     23.531739     22.837418      8.867617
     15.281215      0.888135     24.498854     23.586405     22.890648      8.881350
     15.316646      0.889507     24.555701     23.641071     22.943879      8.895073
     15.352077      0.890879     24.612552     23.695737     22.997109      8.908786
     15.387508      0.892249     24.669407     23.750403     23.050340      8.922487
     15.422939      0.893618     24.726266     23.805069     23.103570      8.936179
     15.458370      0.894986     24.783128     23.859735     23.156801      8.949859
     15.493801      0.896353     24.839994     23.914401     23.210031      8.963530
     15.529232      0.897719     24.896864     23.969067     23.263262      8.977190
     15.564663      0.899084     24.953738     24.023733     23.316492      8.990839
     15.600094      0.900448     25.010616     24.078399     23.369723      9.004478
     15.635525      0.901811     25.067497     24.133066     23.422953      9.018107
     15.670956      0.903173     25.124383     24.187732     23.476184      9.031726
     15.706387      0.904533     25.181273     24.242398     23.529414      9.045334
     15.741818      0.905893     25.238166     24.297064     23.582645      9.058932
     15.777249      0.907252     25.295064     24.351730     23.635875      9.072520
     15.812680      0.908610     25.351965     24.406396     23.689106      9.086098
     15.848111      0.909967     25.408871     24.461062     23.742336      9.099665
     15.883542      0.911322     25.465780     24.515728     23.795566      9.113223
     15.918973      0.912677     25.522694     24.570394     23.848797      9.126770
     15.954404      0.914031     25.579612     24.625060     23.902027      9.140307
     15.989835      0.915383     25.636534     24.679726     23.955258      9.153835
     16.025266      0.916735     25.693460     24.734392     24.008488      9.167352
     16.060697      0.918086     25.750390     24.789058     24.061719      9.180859
     16.096128      0.919436     25.807325     24.843724     24.114949      9.194357
     16.131559      0.920784     25.864263     24.898390     24.168180      9.207844
     16.166990      0.922132     25.921206     24.953056     24.221410      9.221322
     16.202421      0.923479     25.978154     25.007722     24.274641      9.234790
     16.237852      0.924825     26.035105     25.062388     24.327871      9.248248
     16.273283      0.926170     26.092061     25.117054     24.381102      9.261696
     16.308714      0.927513     26.149021     25.171720     24.434332      9.275135
     16.344145      0.928856     26.205985     25.226386     24.487563      9.288563
     16.379576      0.930198     26.262954     25.281052     24.540793      9.301982
     16.415007      0.931539     26.319927     25.335718     24.594024      9.315392
     16.450438      0.932879     26.376904     25.390384     24.647254      9.328792
     16.485869      0.934218     26.433886     25.445050     24.700485      9.342182
     16.521300      0.935556     26.490872     25.499716     24.753715      9.355562
     16.556731      0.936893     26.547863     25.554382     24.806946      9.368933
     16.592162      0.938229     26.604858     25.609049     24.860176      9.382295
     16.627593      0.939565     26.661858     25.663715     24.913407      9.395647
     16.663024      0.940899     26.718862     25.718381     24.966637      9.408989
     16.698455      0.942232     26.775871     25.773047     25.019867      9.422322
     16.733886      0.943565     26.832884     25.827713     25.073098      9.435646
     16.769317      0.944896     26.889902     25.882379     25.126328      9.448960
     16.804748      0.946226     26.946924     25.937045     25.179559      9.462264
     16.840179      0.947556     27.003952     25.991711     25.232789      9.475560
     16.875610      0.948885     27.060983     26.046377     25.286020      9.488846
     16.911041      0.950212     27.118020     26.101043     25.339250      9.502123
     16.946472      0.951539     27.175061     26.155709     25.392481      9.515390
     16.981903      0.952865     27.232106     26.210375     25.445711      9.528649
     17.017334      0.954190     27.289157     26.265041     25.498942      9.541898
     17.052765      0.955514     27.346212     26.319707     25.552172      9.555138
     17.088196      0.956837     27.403272     26.374373     25.605403      9.568368
     17.123627      0.958159     27.460336     26.429039     25.658633      9.581590
     17.159058      0.959480     27.517406     26.483705     25.711864      9.594803
     17.194489      0.960801     27.574480     26.538371     25.765094      9.608006
     17.229920      0.962120     27.631559     26.593037     25.818325      9.621200
     17.265351      0.963439     27.688643     26.647703     25.871555      9.634386
     17.300782      0.964756     27.745731     26.702369     25.924786      9.647562
     17.336213      0.966073     27.802825     26.757035     25.978016      9.660729
     17.371644      0.967389     27.859923     26.811701     26.031247      9.673887
     17.407075      0.968704     27.917027     26.866367     26.084477      9.687037
     17.442506      0.970018     27.974135     26.921033     26.137708      9.700177
     17.477937      0.971331     28.031248     26.975699     26.190938      9.713309
     17.513368      0.972643     28.088366     27.030365     26.244168      9.726431
     17.548799      0.973955     28.145490     27.085032     26.297399      9.739545
     17.584230      0.975265     28.202618     27.139698     26.350629      9.752650
     17.619661      0.976575     28.259751     27.194364     26.403860      9.765746
     17.655092      0.977883     28.316889     27.249030     26.457090      9.778834
     17.690523      0.979191     28.374033     27.303696     26.510321      9.791913
     17.725954      0.980498     28.431181     27.358362     26.563551      9.804983
     17.761385      0.981804     28.488335     27.413028     26.616782      9.818044
     17.796816      0.983110     28.545493     27.467694     26.670012      9.831096
     17.832247      0.984414     28.602657     27.522360     26.723243      9.844140
     17.867678      0.985718     28.659826     27.577026     26.776473      9.857176
     17.903109      0.987020     28.717000     27.631692     26.829704      9.870202
     17.938540      0.988322     28.774179     27.686358     26.882934      9.883220
     17.973971      0.989623     28.831364     27.741024     26.936165      9.896230
     18.009402      0.990923     28.888553     27.795690     26.989395      9.909231
     18.044833      0.992222     28.945748     27.850356     27.042626      9.922223
     18.080264      0.993521     29.002948     27.905022     27.095856      9.935207
     18.115695      0.994818     29.060154     27.959688     27.149087      9.948183
     18.151126      0.996115     29.117364     28.014354     27.202317      9.961150
     18.186557      0.997411     29.174580     28.069020     27.255548      9.974108
     18.221988      0.998706     29.231802     28.123686     27.308778      9.987058
     18.257419      1.000000     29.289028     28.178352     27.362009     10.000000
