  Omega0      e0        e1        e2       e11       e22       e33        ai      delta0  
   1.00000   1.00000   0.90000   0.80000   0.00000   0.00000   0.00000   0.10000  -0.26552
      Tau        exp. factor        a1             a2             a3         exp. ratio   
      0.577350      0.100000      1.000000      0.900000      0.800000      1.000000
      0.612781      0.104050      1.055943      0.953921      0.852374      1.040505
      0.648212      0.108024      1.111887      1.007841      0.904748      1.080236
      0.683643      0.111925      1.167830      1.061762      0.957122      1.119249
      0.719074      0.115759      1.223774      1.115682      1.009496      1.157594
      0.754505      0.119531      1.279717      1.169603      1.061870      1.195314
      0.789936      0.123245      1.335660      1.223523      1.114244      1.232448
      0.825367      0.126903      1.391604      1.277444      1.166618      1.269030
      0.860798      0.130509      1.447547      1.331364      1.218992      1.305093
      0.896229      0.134066      1.503491      1.385285      1.271366      1.340664
      0.931660      0.137577      1.559434      1.439206      1.323741      1.375769
      0.967091      0.141043      1.615377      1.493126      1.376115      1.410432
      1.002522      0.144467      1.671321      1.547047      1.428489      1.444674
      1.037953      0.147851      1.727264      1.600967      1.480863      1.478515
      1.073384      0.151197      1.783208      1.654888      1.533237      1.511973
      1.108815      0.154506      1.839151      1.708808      1.585611      1.545064
      1.144246      0.157781      1.895094      1.762729      1.637985      1.577805
      1.179677      0.161021      1.951038      1.816649      1.690359      1.610210
      1.215108      0.164229      2.006981      1.870570      1.742733      1.642292
      1.250539      0.167406      2.062925      1.924490      1.795107      1.674064
      1.285970      0.170554      2.118868      1.978411      1.847481      1.705537
      1.321401      0.173672      2.174812      2.032332      1.899855      1.736722
      1.356832      0.176763      2.230755      2.086252      1.952229      1.767629
      1.392263      0.179827      2.286698      2.140173      2.004603      1.798269
      1.427694      0.182865      2.342642      2.194093      2.056977      1.828650
      1.463125      0.185878      2.398585      2.248014      2.109351      1.858780
      1.498556      0.188867      2.454529      2.301934      2.161725      1.888669
      1.533987      0.191832      2.510472      2.355855      2.214099      1.918322
      1.569418      0.194775      2.566415      2.409775      2.266473      1.947749
      1.604849      0.197695      2.622359      2.463696      2.318847      1.976954
      1.640280      0.200595      2.678302      2.517617      2.371222      2.005945
      1.675711      0.203473      2.734246      2.571537      2.423596      2.034729
      1.711142      0.206331      2.790189      2.625458      2.475970      2.063310
      1.746573      0.209169      2.846132      2.679378      2.528344      2.091695
      1.782004      0.211989      2.902076      2.733299      2.580718      2.119888
      1.817435      0.214789      2.958019      2.787219      2.633092      2.147895
      1.852866      0.217572      3.013963      2.841140      2.685466      2.175721
      1.888297      0.220337      3.069906      2.895060      2.737840      2.203369
      1.923728      0.223085      3.125849      2.948981      2.790214      2.230846
      1.959159      0.225815      3.181793      3.002901      2.842588      2.258154
      1.994590      0.228530      3.237736      3.056822      2.894962      2.285298
      2.030021      0.231228      3.293680      3.110743      2.947336      2.312282
      2.065452      0.233911      3.349623      3.164663      2.999710      2.339109
      2.100883      0.236578      3.405566      3.218584      3.052084      2.365784
      2.136314      0.239231      3.461510      3.272504      3.104458      2.392308
      2.171745      0.241869      3.517453      3.326425      3.156832      2.418687
      2.207176      0.244492      3.573397      3.380345      3.209206      2.444922
      2.242607      0.247102      3.629340      3.434266      3.261580      2.471018
      2.278038      0.249698      3.685283      3.488186      3.313954      2.496976
      2.313469      0.252280      3.741227      3.542107      3.366328      2.522800
      2.348900      0.254849      3.797170      3.596028      3.418703      2.548493
      2.384331      0.257406      3.853114      3.649948      3.471077      2.574057
      2.419762      0.259949      3.909057      3.703869      3.523451      2.599494
      2.455193      0.262481      3.965000      3.757789      3.575825      2.624808
      2.490624      0.265000      4.020944      3.811710      3.628199      2.650000
      2.526055      0.267507      4.076887      3.865630      3.680573      2.675073
      2.561486      0.270003      4.132831      3.919551      3.732947      2.700029
      2.596917      0.272487      4.188774      3.973471      3.785321      2.724870
      2.632348      0.274960      4.244718      4.027392      3.837695      2.749599
      2.667779      0.277422      4.300661      4.081313      3.890069      2.774216
      2.703210      0.279873      4.356604      4.135233      3.942443      2.798725
      2.738641      0.282313      4.412548      4.189154      3.994817      2.823128
      2.774072      0.284742      4.468491      4.243074      4.047191      2.847425
      2.809503      0.287162      4.524435      4.296995      4.099565      2.871619
      2.844934      0.289571      4.580378      4.350915      4.151939      2.895711
      2.880365      0.291970      4.636321      4.404836      4.204313      2.919704
      2.915796      0.294360      4.692265      4.458756      4.256687      2.943598
      2.951227      0.296740      4.748208      4.512677      4.309061      2.967396
      2.986658      0.299110      4.804152      4.566597      4.361435      2.991099
      3.022089      0.301471      4.860095      4.620518      4.413810      3.014708
      3.057520      0.303823      4.916038      4.674439      4.466184      3.038225
      3.092951      0.306165      4.971982      4.728359      4.518558      3.061652
      3.128382      0.308499      5.027925      4.782280      4.570932      3.084989
      3.163813      0.310824      5.083869      4.836200      4.623306      3.108238
      3.199244      0.313140      5.139812      4.890121      4.675680      3.131401
      3.234675      0.315448      5.195755      4.944041      4.728054      3.154478
      3.270106      0.317747      5.251699      4.997962      4.780428      3.177471
      3.305537      0.320038      5.307642      5.051882      4.832802      3.200382
      3.340968      0.322321      5.363586      5.105803      4.885176      3.223210
      3.376399      0.324596      5.419529      5.159724      4.937550      3.245958
      3.411830      0.326863      5.475472      5.213644      4.989924      3.268627
      3.447261      0.329122      5.531416      5.267565      5.042298      3.291217
      3.482692      0.331373      5.587359      5.321485      5.094672      3.313730
      3.518123      0.333617      5.643303      5.375406      5.147046      3.336167
      3.553554      0.335853      5.699246      5.429326      5.199420      3.358529
      3.588985      0.338082      5.755189      5.483247      5.251794      3.380816
      3.624416      0.340303      5.811133      5.537167      5.304168      3.403030
      3.659847      0.342517      5.867076      5.591088      5.356542      3.425172
      3.695278      0.344724      5.923020      5.645008      5.408916      3.447243
      3.730709      0.346924      5.978963      5.698929      5.461291      3.469243
      3.766140      0.349117      6.034907      5.752850      5.513665      3.491173
      3.801571      0.351304      6.090850      5.806770      5.566039      3.513035
      3.837002      0.353483      6.146793      5.860691      5.618413      3.534829
      3.872433      0.355656      6.202737      5.914611      5.670787      3.556556
      3.907864      0.357822      6.258680      5.968532      5.723161      3.578217
      3.943295      0.359981      6.314624      6.022452      5.775535      3.599813
      3.978726      0.362134      6.370567      6.076373      5.827909      3.621344
      4.014157      0.364281      6.426510      6.130293      5.880283      3.642811
      4.049588      0.366422      6.482454      6.184214      5.932657      3.664215
      4.085019      0.368556      6.538397      6.238135      5.985031      3.685557
      4.120450      0.370684      6.594341      6.292055      6.037405      3.706837
      4.155881      0.372806      6.650284      6.345976      6.089779      3.728057
      4.191312      0.374922      6.706227      6.399896      6.142153      3.749216
      4.226743      0.377032      6.762171      6.453817      6.194527      3.770315
      4.262174      0.379136      6.818114      6.507737      6.246901      3.791356
      4.297605      0.381234      6.874058      6.561658      6.299275      3.812338
      4.333036      0.383326      6.930001      6.615578      6.351649      3.833263
      4.368467      0.385413      6.985944      6.669499      6.404023      3.854131
      4.403898      0.387494      7.041888      6.723419      6.456397      3.874942
      4.439329      0.389570      7.097831      6.777340      6.508772      3.895698
      4.474760      0.391640      7.153775      6.831261      6.561146      3.916399
      4.510191      0.393705      7.209718      6.885181      6.613520      3.937045
      4.545622      0.395764      7.265661      6.939102      6.665894      3.957637
      4.581053      0.397818      7.321605      6.993022      6.718268      3.978176
      4.616484      0.399866      7.377548      7.046943      6.770642      3.998662
      4.651915      0.401910      7.433492      7.100863      6.823016      4.019095
      4.687346      0.403948      7.489435      7.154784      6.875390      4.039477
      4.722777      0.405981      7.545378      7.208704      6.927764      4.059807
      4.758208      0.408009      7.601322      7.262625      6.980138      4.080087
      4.793639      0.410032      7.657265      7.316546      7.032512      4.100316
      4.829070      0.412050      7.713209      7.370466      7.084886      4.120495
      4.864501      0.414063      7.769152      7.424387      7.137260      4.140626
      4.899932      0.416071      7.825095      7.478307      7.189634      4.160707
      4.935363      0.418074      7.881039      7.532228      7.242008      4.180740
      4.970794      0.420073      7.936982      7.586148      7.294382      4.200725
      5.006225      0.422066      7.992926      7.640069      7.346756      4.220663
      5.041656      0.424055      8.048869      7.693989      7.399130      4.240554
      5.077087      0.426040      8.104813      7.747910      7.451504      4.260398
      5.112518      0.428020      8.160756      7.801831      7.503879      4.280196
      5.147949      0.429995      8.216699      7.855751      7.556253      4.299948
      5.183380      0.431966      8.272643      7.909672      7.608627      4.319656
      5.218811      0.433932      8.328586      7.963592      7.661001      4.339318
      5.254242      0.435894      8.384530      8.017513      7.713375      4.358936
      5.289673      0.437851      8.440473      8.071433      7.765749      4.378510
      5.325104      0.439804      8.496416      8.125354      7.818123      4.398040
      5.360535      0.441753      8.552360      8.179274      7.870497      4.417527
      5.395966      0.443697      8.608303      8.233195      7.922871      4.436971
      5.431397      0.445637      8.664247      8.287115      7.975245      4.456372
      5.466828      0.447573      8.720190      8.341036      8.027619      4.475732
      5.502259      0.449505      8.776133      8.394957      8.079993      4.495049
      5.537690      0.451433      8.832077      8.448877      8.132367      4.514325
      5.573121      0.453356      8.888020      8.502798      8.184741      4.533560
      5.608552      0.455275      8.943964      8.556718      8.237115      4.552755
      5.643983      0.457191      8.999907      8.610639      8.289489      4.571909
      5.679414      0.459102      9.055850      8.664559      8.341863      4.591023
      5.714845      0.461010      9.111794      8.718480      8.394237      4.610097
      5.750276      0.462913      9.167737      8.772400      8.446611      4.629132
      5.785707      0.464813      9.223681      8.826321      8.498985      4.648128
      5.821138      0.466708      9.279624      8.880242      8.551360      4.667085
      5.856569      0.468600      9.335567      8.934162      8.603734      4.686003
      5.892000      0.470488      9.391511      8.988083      8.656108      4.704884
      5.927431      0.472373      9.447454      9.042003      8.708482      4.723727
      5.962862      0.474253      9.503398      9.095924      8.760856      4.742532
      5.998293      0.476130      9.559341      9.149844      8.813230      4.761300
      6.033724      0.478003      9.615284      9.203765      8.865604      4.780031
      6.069155      0.479873      9.671228      9.257685      8.917978      4.798725
      6.104586      0.481738      9.727171      9.311606      8.970352      4.817384
      6.140017      0.483601      9.783115      9.365526      9.022726      4.836006
      6.175448      0.485459      9.839058      9.419447      9.075100      4.854592
      6.210879      0.487314      9.895001      9.473368      9.127474      4.873143
      6.246310      0.489166      9.950945      9.527288      9.179848      4.891658
      6.281741      0.491014     10.006888      9.581209      9.232222      4.910139
      6.317172      0.492858     10.062832      9.635129      9.284596      4.928585
      6.352603      0.494700     10.118775      9.689050      9.336970      4.946996
      6.388034      0.496537     10.174719      9.742970      9.389344      4.965373
      6.423465      0.498372     10.230662      9.796891      9.441718      4.983716
      6.458896      0.500203     10.286605      9.850811      9.494092      5.002026
      6.494327      0.502030     10.342549      9.904732      9.546467      5.020302
      6.529758      0.503855     10.398492      9.958653      9.598841      5.038545
      6.565189      0.505675     10.454436     10.012573      9.651215      5.056755
      6.600620      0.507493     10.510379     10.066494      9.703589      5.074932
      6.636051      0.509308     10.566322     10.120414      9.755963      5.093077
      6.671482      0.511119     10.622266     10.174335      9.808337      5.111189
      6.706913      0.512927     10.678209     10.228255      9.860711      5.129270
      6.742344      0.514732     10.734153     10.282176      9.913085      5.147318
      6.777775      0.516534     10.790096     10.336096      9.965459      5.165335
      6.813206      0.518332     10.846039     10.390017     10.017833      5.183321
      6.848637      0.520128     10.901983     10.443938     10.070207      5.201275
      6.884068      0.521920     10.957926     10.497858     10.122581      5.219199
      6.919499      0.523709     11.013870     10.551779     10.174955      5.237092
      6.954930      0.525495     11.069813     10.605699     10.227329      5.254954
      6.990361      0.527279     11.125756     10.659620     10.279703      5.272786
      7.025792      0.529059     11.181700     10.713540     10.332077      5.290588
      7.061223      0.530836     11.237643     10.767461     10.384451      5.308360
      7.096654      0.532610     11.293587     10.821381     10.436825      5.326102
      7.132085      0.534382     11.349530     10.875302     10.489199      5.343815
      7.167516      0.536150     11.405473     10.929222     10.541573      5.361499
      7.202947      0.537915     11.461417     10.983143     10.593948      5.379153
      7.238378      0.539678     11.517360     11.037064     10.646322      5.396778
      7.273809      0.541438     11.573304     11.090984     10.698696      5.414375
      7.309240      0.543194     11.629247     11.144905     10.751070      5.431943
      7.344671      0.544948     11.685190     11.198825     10.803444      5.449483
      7.380102      0.546699     11.741134     11.252746     10.855818      5.466995
      7.415533      0.548448     11.797077     11.306666     10.908192      5.484478
      7.450964      0.550193     11.853021     11.360587     10.960566      5.501934
      7.486395      0.551936     11.908964     11.414507     11.012940      5.519362
      7.521826      0.553676     11.964908     11.468428     11.065314      5.536763
      7.557257      0.555414     12.020851     11.522349     11.117688      5.554136
      7.592688      0.557148     12.076794     11.576269     11.170062      5.571483
      7.628119      0.558880     12.132738     11.630190     11.222436      5.588802
      7.663550      0.560609     12.188681     11.684110     11.274810      5.606095
      7.698981      0.562336     12.244625     11.738031     11.327184      5.623360
      7.734412      0.564060     12.300568     11.791951     11.379558      5.640600
      7.769843      0.565781     12.356511     11.845872     11.431932      5.657813
      7.805274      0.567500     12.412455     11.899792     11.484306      5.675000
      7.840705      0.569216     12.468398     11.953713     11.536680      5.692161
      7.876136      0.570930     12.524342     12.007633     11.589054      5.709296
      7.911567      0.572641     12.580285     12.061554     11.641429      5.726405
      7.946998      0.574349     12.636228     12.115475     11.693803      5.743489
      7.982429      0.576055     12.692172     12.169395     11.746177      5.760548
      8.017860      0.577758     12.748115     12.223316     11.798551      5.777581
      8.053291      0.579459     12.804059     12.277236     11.850925      5.794590
      8.088722      0.581157     12.860002     12.331157     11.903299      5.811573
      8.124153      0.582853     12.915945     12.385077     11.955673      5.828531
      8.159584      0.584547     12.971889     12.438998     12.008047      5.845465
      8.195015      0.586237     13.027832     12.492918     12.060421      5.862375
      8.230446      0.587926     13.083776     12.546839     12.112795      5.879260
      8.265877      0.589612     13.139719     12.600760     12.165169      5.896121
      8.301308      0.591296     13.195662     12.654680     12.217543      5.912958
      8.336739      0.592977     13.251606     12.708601     12.269917      5.929771
      8.372170      0.594656     13.307549     12.762521     12.322291      5.946560
      8.407601      0.596333     13.363493     12.816442     12.374665      5.963325
      8.443032      0.598007     13.419436     12.870362     12.427039      5.980067
      8.478463      0.599679     13.475379     12.924283     12.479413      5.996785
      8.513894      0.601348     13.531323     12.978203     12.531787      6.013481
      8.549325      0.603015     13.587266     13.032124     12.584161      6.030153
      8.584756      0.604680     13.643210     13.086045     12.636536      6.046802
      8.620187      0.606343     13.699153     13.139965     12.688910      6.063428
      8.655618      0.608003     13.755096     13.193886     12.741284      6.080031
      8.691049      0.609661     13.811040     13.247806     12.793658      6.096612
      8.726480      0.611317     13.866983     13.301727     12.846032      6.113170
      8.761911      0.612971     13.922927     13.355647     12.898406      6.129706
      8.797342      0.614622     13.978870     13.409568     12.950780      6.146220
      8.832773      0.616271     14.034814     13.463488     13.003154      6.162711
      8.868204      0.617918     14.090757     13.517409     13.055528      6.179180
      8.903635      0.619563     14.146700     13.571329     13.107902      6.195628
      8.939066      0.621205     14.202644     13.625250     13.160276      6.212053
      8.974497      0.622846     14.258587     13.679171     13.212650      6.228457
      9.009928      0.624484     14.314531     13.733091     13.265024      6.244840
      9.045359      0.626120     14.370474     13.787012     13.317398      6.261201
      9.080790      0.627754     14.426417     13.840932     13.369772      6.277540
      9.116221      0.629386     14.482361     13.894853     13.422146      6.293859
      9.151652      0.631016     14.538304     13.948773     13.474520      6.310156
      9.187083      0.632643     14.594248     14.002694     13.526894      6.326432
      9.222514      0.634269     14.650191     14.056614     13.579268      6.342687
      9.257945      0.635892     14.706134     14.110535     13.631642      6.358922
      9.293376      0.637514     14.762078     14.164456     13.684017      6.375136
      9.328807      0.639133     14.818021     14.218376     13.736391      6.391329
      9.364238      0.640750     14.873965     14.272297     13.788765      6.407501
      9.399669      0.642365     14.929908     14.326217     13.841139      6.423654
      9.435100      0.643979     14.985851     14.380138     13.893513      6.439786
      9.470531      0.645590     15.041795     14.434058     13.945887      6.455898
      9.505962      0.647199     15.097738     14.487979     13.998261      6.471989
      9.541393      0.648806     15.153682     14.541899     14.050635      6.488061
      9.576824      0.650411     15.209625     14.595820     14.103009      6.504113
      9.612255      0.652015     15.265568     14.649740     14.155383      6.520145
      9.647686      0.653616     15.321512     14.703661     14.207757      6.536158
      9.683117      0.655215     15.377455     14.757582     14.260131      6.552151
      9.718548      0.656812     15.433399     14.811502     14.312505      6.568124
      9.753979      0.658408     15.489342     14.865423     14.364879      6.584078
      9.789410      0.660001     15.545285     14.919343     14.417253      6.600013
      9.824841      0.661593     15.601229     14.973264     14.469627      6.615928
      9.860272      0.663182     15.657172     15.027184     14.522001      6.631824
      9.895703      0.664770     15.713116     15.081105     14.574375      6.647702
      9.931134      0.666356     15.769059     15.135025     14.626749      6.663560
      9.966565      0.667940     15.825002     15.188946     14.679123      6.679399
     10.001996      0.669522     15.880946     15.242867     14.731498      6.695220
     10.037427      0.671102     15.936889     15.296787     14.783872      6.711022
     10.072858      0.672681     15.992833     15.350708     14.836246      6.726806
     10.108289      0.674257     16.048776     15.404628     14.888620      6.742571
     10.143720      0.675832     16.104720     15.458549     14.940994      6.758317
     10.179151      0.677405     16.160663     15.512469     14.993368      6.774046
     10.214582      0.678976     16.216606     15.566390     15.045742      6.789756
     10.250013      0.680545     16.272550     15.620310     15.098116      6.805448
     10.285444      0.682112     16.328493     15.674231     15.150490      6.821121
     10.320875      0.683678     16.384437     15.728151     15.202864      6.836777
     10.356306      0.685242     16.440380     15.782072     15.255238      6.852415
     10.391737      0.686804     16.496323     15.835993     15.307612      6.868035
     10.427168      0.688364     16.552267     15.889913     15.359986      6.883638
     10.462599      0.689922     16.608210     15.943834     15.412360      6.899222
     10.498030      0.691479     16.664154     15.997754     15.464734      6.914789
     10.533461      0.693034     16.720097     16.051675     15.517108      6.930339
     10.568892      0.694587     16.776040     16.105595     15.569482      6.945871
     10.604323      0.696139     16.831984     16.159516     15.621856      6.961386
     10.639754      0.697688     16.887927     16.213436     15.674230      6.976884
     10.675185      0.699236     16.943871     16.267357     15.726605      6.992364
     10.710616      0.700783     16.999814     16.321278     15.778979      7.007827
     10.746047      0.702327     17.055757     16.375198     15.831353      7.023273
     10.781478      0.703870     17.111701     16.429119     15.883727      7.038703
     10.816909      0.705411     17.167644     16.483039     15.936101      7.054115
     10.852340      0.706951     17.223588     16.536960     15.988475      7.069510
     10.887771      0.708489     17.279531     16.590880     16.040849      7.084889
     10.923202      0.710025     17.335474     16.644801     16.093223      7.100251
     10.958633      0.711560     17.391418     16.698721     16.145597      7.115597
     10.994064      0.713093     17.447361     16.752642     16.197971      7.130926
     11.029495      0.714624     17.503305     16.806563     16.250345      7.146238
     11.064926      0.716153     17.559248     16.860483     16.302719      7.161535
     11.100357      0.717681     17.615191     16.914404     16.355093      7.176814
     11.135788      0.719208     17.671135     16.968324     16.407467      7.192078
     11.171219      0.720733     17.727078     17.022245     16.459841      7.207325
     11.206650      0.722256     17.783022     17.076165     16.512215      7.222557
     11.242081      0.723777     17.838965     17.130086     16.564589      7.237772
     11.277512      0.725297     17.894909     17.184006     16.616963      7.252971
     11.312943      0.726815     17.950852     17.237927     16.669337      7.268154
     11.348374      0.728332     18.006795     17.291847     16.721711      7.283322
     11.383805      0.729847     18.062739     17.345768     16.774086      7.298474
     11.419236      0.731361     18.118682     17.399689     16.826460      7.313610
     11.454667      0.732873     18.174626     17.453609     16.878834      7.328730
     11.490098      0.734383     18.230569     17.507530     16.931208      7.343835
     11.525529      0.735892     18.286512     17.561450     16.983582      7.358924
     11.560960      0.737400     18.342456     17.615371     17.035956      7.373998
     11.596391      0.738906     18.398399     17.669291     17.088330      7.389056
     11.631822      0.740410     18.454343     17.723212     17.140704      7.404099
     11.667253      0.741913     18.510286     17.777132     17.193078      7.419127
     11.702684      0.743414     18.566229     17.831053     17.245452      7.434140
     11.738115      0.744914     18.622173     17.884974     17.297826      7.449137
     11.773546      0.746412     18.678116     17.938894     17.350200      7.464120
     11.808977      0.747909     18.734060     17.992815     17.402574      7.479087
     11.844408      0.749404     18.790003     18.046735     17.454948      7.494040
     11.879839      0.750898     18.845946     18.100656     17.507322      7.508977
     11.915270      0.752390     18.901890     18.154576     17.559696      7.523900
     11.950701      0.753881     18.957833     18.208497     17.612070      7.538808
     11.986132      0.755370     19.013777     18.262417     17.664444      7.553701
     12.021563      0.756858     19.069720     18.316338     17.716818      7.568579
     12.056994      0.758344     19.125663     18.370258     17.769192      7.583443
     12.092425      0.759829     19.181607     18.424179     17.821567      7.598293
     12.127856      0.761313     19.237550     18.478100     17.873941      7.613127
     12.163287      0.762795     19.293494     18.532020     17.926315      7.627948
     12.198718      0.764275     19.349437     18.585941     17.978689      7.642754
     12.234149      0.765755     19.405380     18.639861     18.031063      7.657546
     12.269580      0.767232     19.461324     18.693782     18.083437      7.672323
     12.305011      0.768709     19.517267     18.747702     18.135811      7.687086
     12.340442      0.770184     19.573211     18.801623     18.188185      7.701835
     12.375873      0.771657     19.629154     18.855543     18.240559      7.716570
     12.411304      0.773129     19.685097     18.909464     18.292933      7.731291
     12.446735      0.774600     19.741041     18.963385     18.345307      7.745998
     12.482166      0.776069     19.796984     19.017305     18.397681      7.760691
     12.517597      0.777537     19.852928     19.071226     18.450055      7.775370
     12.553028      0.779004     19.908871     19.125146     18.502429      7.790035
     12.588459      0.780469     19.964815     19.179067     18.554803      7.804686
     12.623890      0.781932     20.020759     19.232987     18.607177      7.819324
     12.659321      0.783395     20.076703     19.286908     18.659551      7.833948
     12.694752      0.784856     20.132647     19.340828     18.711925      7.848558
     12.730183      0.786316     20.188592     19.394749     18.764299      7.863155
     12.765614      0.787774     20.244537     19.448670     18.816674      7.877738
     12.801045      0.789231     20.300482     19.502590     18.869048      7.892308
     12.836476      0.790686     20.356428     19.556511     18.921422      7.906864
     12.871907      0.792141     20.412374     19.610431     18.973796      7.921407
     12.907338      0.793594     20.468320     19.664352     19.026170      7.935937
     12.942769      0.795045     20.524267     19.718272     19.078544      7.950453
     12.978200      0.796496     20.580214     19.772193     19.130918      7.964956
     13.013631      0.797945     20.636162     19.826113     19.183292      7.979446
     13.049062      0.799392     20.692110     19.880034     19.235666      7.993923
     13.084493      0.800839     20.748059     19.933954     19.288040      8.008386
     13.119924      0.802284     20.804009     19.987875     19.340414      8.022837
     13.155355      0.803727     20.859959     20.041796     19.392788      8.037274
     13.190786      0.805170     20.915910     20.095716     19.445162      8.051699
     13.226217      0.806611     20.971861     20.149637     19.497536      8.066111
     13.261648      0.808051     21.027814     20.203557     19.549910      8.080509
     13.297079      0.809490     21.083767     20.257478     19.602284      8.094895
     13.332510      0.810927     21.139721     20.311398     19.654658      8.109269
     13.367941      0.812363     21.195675     20.365319     19.707032      8.123629
     13.403372      0.813798     21.251631     20.419239     19.759406      8.137977
     13.438803      0.815231     21.307587     20.473160     19.811780      8.152312
     13.474234      0.816663     21.363544     20.527081     19.864155      8.166635
     13.509665      0.818094     21.419502     20.581001     19.916529      8.180945
     13.545096      0.819524     21.475462     20.634922     19.968903      8.195242
     13.580527      0.820953     21.531422     20.688842     20.021277      8.209528
     13.615958      0.822380     21.587383     20.742763     20.073651      8.223800
     13.651389      0.823806     21.643345     20.796683     20.126025      8.238060
     13.686820      0.825231     21.699308     20.850604     20.178399      8.252308
     13.722251      0.826654     21.755273     20.904524     20.230773      8.266544
     13.757682      0.828077     21.811238     20.958445     20.283147      8.280767
     13.793113      0.829498     21.867205     21.012365     20.335521      8.294979
     13.828544      0.830918     21.923173     21.066286     20.387895      8.309178
     13.863975      0.832336     21.979142     21.120207     20.440269      8.323365
     13.899406      0.833754     22.035112     21.174127     20.492643      8.337540
     13.934837      0.835170     22.091083     21.228048     20.545017      8.351702
     13.970268      0.836585     22.147056     21.281968     20.597391      8.365853
     14.005699      0.837999     22.203030     21.335889     20.649765      8.379992
     14.041130      0.839412     22.259006     21.389809     20.702139      8.394119
     14.076561      0.840823     22.314983     21.443730     20.754513      8.408234
     14.111992      0.842234     22.370961     21.497650     20.806887      8.422337
     14.147423      0.843643     22.426940     21.551571     20.859261      8.436429
     14.182854      0.845051     22.482921     21.605492     20.911636      8.450508
     14.218285      0.846458     22.538904     21.659412     20.964010      8.464576
     14.253716      0.847863     22.594888     21.713333     21.016384      8.478633
     14.289147      0.849268     22.650873     21.767253     21.068758      8.492677
     14.324578      0.850671     22.706861     21.821174     21.121132      8.506710
     14.360009      0.852073     22.762849     21.875094     21.173506      8.520732
     14.395440      0.853474     22.818839     21.929015     21.225880      8.534742
     14.430871      0.854874     22.874831     21.982935     21.278254      8.548740
     14.466302      0.856273     22.930825     22.036856     21.330628      8.562727
     14.501733      0.857670     22.986820     22.090777     21.383002      8.576703
     14.537164      0.859067     23.042817     22.144697     21.435376      8.590667
     14.572595      0.860462     23.098815     22.198618     21.487750      8.604620
     14.608026      0.861856     23.154815     22.252538     21.540124      8.618561
     14.643457      0.863249     23.210818     22.306459     21.592498      8.632491
     14.678888      0.864641     23.266821     22.360379     21.644872      8.646411
     14.714319      0.866032     23.322827     22.414300     21.697246      8.660318
     14.749750      0.867422     23.378834     22.468220     21.749620      8.674215
     14.785181      0.868810     23.434844     22.522141     21.801994      8.688101
     14.820612      0.870198     23.490855     22.576061     21.854368      8.701975
     14.856043      0.871584     23.546868     22.629982     21.906743      8.715839
     14.891474      0.872969     23.602883     22.683903     21.959117      8.729691
     14.926905      0.874353     23.658900     22.737823     22.011491      8.743532
     14.962336      0.875736     23.714919     22.791744     22.063865      8.757363
     14.997767      0.877118     23.770940     22.845664     22.116239      8.771183
     15.033198      0.878499     23.826963     22.899585     22.168613      8.784991
     15.068629      0.879879     23.882988     22.953505     22.220987      8.798789
     15.104060      0.881258     23.939015     23.007426     22.273361      8.812576
     15.139491      0.882635     23.995044     23.061346     22.325735      8.826352
     15.174922      0.884012     24.051075     23.115267     22.378109      8.840118
     15.210353      0.885387     24.107108     23.169188     22.430483      8.853873
     15.245784      0.886762     24.163144     23.223108     22.482857      8.867617
     15.281215      0.888135     24.219181     23.277029     22.535231      8.881350
     15.316646      0.889507     24.275221     23.330949     22.587605      8.895073
     15.352077      0.890879     24.331263     23.384870     22.639979      8.908786
     15.387508      0.892249     24.387308     23.438790     22.692353      8.922487
     15.422939      0.893618     24.443354     23.492711     22.744727      8.936179
     15.458370      0.894986     24.499403     23.546631     22.797101      8.949859
     15.493801      0.896353     24.555454     23.600552     22.849475      8.963530
     15.529232      0.897719     24.611508     23.654472     22.901849      8.977190
     15.564663      0.899084     24.667563     23.708393     22.954224      8.990839
     15.600094      0.900448     24.723621     23.762314     23.006598      9.004478
     15.635525      0.901811     24.779682     23.816234     23.058972      9.018107
     15.670956      0.903173     24.835745     23.870155     23.111346      9.031726
     15.706387      0.904533     24.891810     23.924075     23.163720      9.045334
     15.741818      0.905893     24.947878     23.977996     23.216094      9.058932
     15.777249      0.907252     25.003948     24.031916     23.268468      9.072520
     15.812680      0.908610     25.060021     24.085837     23.320842      9.086098
     15.848111      0.909967     25.116096     24.139757     23.373216      9.099665
     15.883542      0.911322     25.172174     24.193678     23.425590      9.113223
     15.918973      0.912677     25.228254     24.247599     23.477964      9.126770
     15.954404      0.914031     25.284337     24.301519     23.530338      9.140307
     15.989835      0.915383     25.340422     24.355440     23.582712      9.153835
     16.025266      0.916735     25.396511     24.409360     23.635086      9.167352
     16.060697      0.918086     25.452601     24.463281     23.687460      9.180859
     16.096128      0.919436     25.508694     24.517201     23.739834      9.194357
     16.131559      0.920784     25.564790     24.571122     23.792208      9.207844
     16.166990      0.922132     25.620889     24.625042     23.844582      9.221322
     16.202421      0.923479     25.676990     24.678963     23.896956      9.234790
     16.237852      0.924825     25.733095     24.732883     23.949331      9.248248
     16.273283      0.926170     25.789201     24.786804     24.001705      9.261696
     16.308714      0.927513     25.845311     24.840725     24.054079      9.275135
     16.344145      0.928856     25.901423     24.894645     24.106453      9.288563
     16.379576      0.930198     25.957538     24.948566     24.158827      9.301982
     16.415007      0.931539     26.013656     25.002486     24.211201      9.315392
     16.450438      0.932879     26.069777     25.056407     24.263575      9.328792
     16.485869      0.934218     26.125901     25.110327     24.315949      9.342182
     16.521300      0.935556     26.182027     25.164248     24.368323      9.355562
     16.556731      0.936893     26.238157     25.218168     24.420697      9.368933
     16.592162      0.938229     26.294289     25.272089     24.473071      9.382295
     16.627593      0.939565     26.350424     25.326010     24.525445      9.395647
     16.663024      0.940899     26.406563     25.379930     24.577819      9.408989
     16.698455      0.942232     26.462704     25.433851     24.630193      9.422322
     16.733886      0.943565     26.518848     25.487771     24.682567      9.435646
     16.769317      0.944896     26.574995     25.541692     24.734941      9.448960
     16.804748      0.946226     26.631145     25.595612     24.787315      9.462264
     16.840179      0.947556     26.687299     25.649533     24.839689      9.475560
     16.875610      0.948885     26.743455     25.703453     24.892063      9.488846
     16.911041      0.950212     26.799614     25.757374     24.944437      9.502123
     16.946472      0.951539     26.855777     25.811295     24.996812      9.515390
     16.981903      0.952865     26.911942     25.865215     25.049186      9.528649
     17.017334      0.954190     26.968111     25.919136     25.101560      9.541898
     17.052765      0.955514     27.024283     25.973056     25.153934      9.555138
     17.088196      0.956837     27.080458     26.026977     25.206308      9.568368
     17.123627      0.958159     27.136636     26.080897     25.258682      9.581590
     17.159058      0.959480     27.192817     26.134818     25.311056      9.594803
     17.194489      0.960801     27.249002     26.188738     25.363430      9.608006
     17.229920      0.962120     27.305189     26.242659     25.415804      9.621200
     17.265351      0.963439     27.361381     26.296579     25.468178      9.634386
     17.300782      0.964756     27.417575     26.350500     25.520552      9.647562
     17.336213      0.966073     27.473772     26.404421     25.572926      9.660729
     17.371644      0.967389     27.529973     26.458341     25.625300      9.673887
     17.407075      0.968704     27.586178     26.512262     25.677674      9.687037
     17.442506      0.970018     27.642385     26.566182     25.730048      9.700177
     17.477937      0.971331     27.698596     26.620103     25.782422      9.713309
     17.513368      0.972643     27.754810     26.674023     25.834796      9.726431
     17.548799      0.973955     27.811028     26.727944     25.887170      9.739545
     17.584230      0.975265     27.867249     26.781864     25.939544      9.752650
     17.619661      0.976575     27.923473     26.835785     25.991918      9.765746
     17.655092      0.977883     27.979701     26.889706     26.044293      9.778834
     17.690523      0.979191     28.035933     26.943626     26.096667      9.791913
     17.725954      0.980498     28.092168     26.997547     26.149041      9.804983
     17.761385      0.981804     28.148406     27.051467     26.201415      9.818044
     17.796816      0.983110     28.204648     27.105388     26.253789      9.831096
     17.832247      0.984414     28.260893     27.159308     26.306163      9.844140
     17.867678      0.985718     28.317142     27.213229     26.358537      9.857176
     17.903109      0.987020     28.373394     27.267149     26.410911      9.870202
     17.938540      0.988322     28.429650     27.321070     26.463285      9.883220
     17.973971      0.989623     28.485910     27.374990     26.515659      9.896230
     18.009402      0.990923     28.542173     27.428911     26.568033      9.909231
     18.044833      0.992222     28.598440     27.482832     26.620407      9.922223
     18.080264      0.993521     28.654710     27.536752     26.672781      9.935207
     18.115695      0.994818     28.710984     27.590673     26.725155      9.948183
     18.151126      0.996115     28.767262     27.644593     26.777529      9.961150
     18.186557      0.997411     28.823543     27.698514     26.829903      9.974108
     18.221988      0.998706     28.879828     27.752434     26.882277      9.987058
     18.257419      1.000000     28.936117     27.806355     26.934651     10.000000
