  Omega0      e0        e1        e2       e11       e22       e33        ai      delta0  
   1.00000   1.00000   0.90000   0.80000   0.00000   0.00000   0.00000   0.10000  -0.18276
Number of "drawing" timesteps:    500
  exp. factor        a1             a2             a3         exp. ratio   
      0.100000      1.000000      0.900000      0.800000      1.000000
      0.104050      1.054960      0.952802      0.851089      1.040505
      0.108024      1.109921      1.005605      0.902179      1.080236
      0.111925      1.164881      1.058407      0.953268      1.119249
      0.115759      1.219842      1.111209      1.004358      1.157594
      0.119531      1.274802      1.164012      1.055447      1.195314
      0.123245      1.329763      1.216814      1.106536      1.232448
      0.126903      1.384723      1.269616      1.157626      1.269030
      0.130509      1.439684      1.322419      1.208715      1.305093
      0.134066      1.494644      1.375221      1.259805      1.340664
      0.137577      1.549604      1.428023      1.310894      1.375769
      0.141043      1.604565      1.480826      1.361984      1.410432
      0.144467      1.659525      1.533628      1.413073      1.444674
      0.147851      1.714486      1.586430      1.464162      1.478515
      0.151197      1.769446      1.639233      1.515252      1.511973
      0.154506      1.824407      1.692035      1.566341      1.545064
      0.157781      1.879367      1.744837      1.617431      1.577805
      0.161021      1.934327      1.797639      1.668520      1.610210
      0.164229      1.989288      1.850442      1.719609      1.642292
      0.167406      2.044248      1.903244      1.770699      1.674064
      0.170554      2.099209      1.956046      1.821788      1.705537
      0.173672      2.154169      2.008849      1.872878      1.736722
      0.176763      2.209130      2.061651      1.923967      1.767629
      0.179827      2.264090      2.114453      1.975056      1.798269
      0.182865      2.319051      2.167256      2.026146      1.828650
      0.185878      2.374011      2.220058      2.077235      1.858780
      0.188867      2.428971      2.272860      2.128325      1.888669
      0.191832      2.483932      2.325663      2.179414      1.918322
      0.194775      2.538892      2.378465      2.230503      1.947749
      0.197695      2.593853      2.431267      2.281593      1.976954
      0.200595      2.648813      2.484070      2.332682      2.005945
      0.203473      2.703774      2.536872      2.383772      2.034729
      0.206331      2.758734      2.589674      2.434861      2.063310
      0.209169      2.813694      2.642477      2.485951      2.091695
      0.211989      2.868655      2.695279      2.537040      2.119888
      0.214789      2.923615      2.748081      2.588129      2.147895
      0.217572      2.978576      2.800884      2.639219      2.175721
      0.220337      3.033536      2.853686      2.690308      2.203369
      0.223085      3.088497      2.906488      2.741398      2.230846
      0.225815      3.143457      2.959291      2.792487      2.258154
      0.228530      3.198418      3.012093      2.843576      2.285298
      0.231228      3.253378      3.064895      2.894666      2.312282
      0.233911      3.308338      3.117698      2.945755      2.339109
      0.236578      3.363299      3.170500      2.996845      2.365784
      0.239231      3.418259      3.223302      3.047934      2.392308
      0.241869      3.473220      3.276105      3.099023      2.418687
      0.244492      3.528180      3.328907      3.150113      2.444922
      0.247102      3.583141      3.381709      3.201202      2.471018
      0.249698      3.638101      3.434511      3.252292      2.496976
      0.252280      3.693061      3.487314      3.303381      2.522800
      0.254849      3.748022      3.540116      3.354471      2.548493
      0.257406      3.802982      3.592918      3.405560      2.574057
      0.259949      3.857943      3.645721      3.456649      2.599494
      0.262481      3.912903      3.698523      3.507739      2.624808
      0.265000      3.967864      3.751325      3.558828      2.650000
      0.267507      4.022824      3.804128      3.609918      2.675073
      0.270003      4.077785      3.856930      3.661007      2.700029
      0.272487      4.132745      3.909732      3.712096      2.724870
      0.274960      4.187705      3.962535      3.763186      2.749599
      0.277422      4.242666      4.015337      3.814275      2.774216
      0.279873      4.297626      4.068139      3.865365      2.798725
      0.282313      4.352587      4.120942      3.916454      2.823128
      0.284742      4.407547      4.173744      3.967543      2.847425
      0.287162      4.462508      4.226546      4.018633      2.871619
      0.289571      4.517468      4.279349      4.069722      2.895711
      0.291970      4.572428      4.332151      4.120812      2.919704
      0.294360      4.627389      4.384953      4.171901      2.943598
      0.296740      4.682349      4.437756      4.222990      2.967396
      0.299110      4.737310      4.490558      4.274080      2.991099
      0.301471      4.792270      4.543360      4.325169      3.014708
      0.303823      4.847231      4.596163      4.376259      3.038225
      0.306165      4.902191      4.648965      4.427348      3.061652
      0.308499      4.957152      4.701767      4.478438      3.084989
      0.310824      5.012112      4.754570      4.529527      3.108238
      0.313140      5.067072      4.807372      4.580616      3.131401
      0.315448      5.122033      4.860174      4.631706      3.154478
      0.317747      5.176993      4.912977      4.682795      3.177471
      0.320038      5.231954      4.965779      4.733885      3.200382
      0.322321      5.286914      5.018581      4.784974      3.223210
      0.324596      5.341875      5.071383      4.836063      3.245958
      0.326863      5.396835      5.124186      4.887153      3.268627
      0.329122      5.451795      5.176988      4.938242      3.291217
      0.331373      5.506756      5.229790      4.989332      3.313730
      0.333617      5.561716      5.282593      5.040421      3.336167
      0.335853      5.616677      5.335395      5.091510      3.358529
      0.338082      5.671637      5.388197      5.142600      3.380816
      0.340303      5.726598      5.441000      5.193689      3.403030
      0.342517      5.781558      5.493802      5.244779      3.425172
      0.344724      5.836519      5.546604      5.295868      3.447243
      0.346924      5.891479      5.599407      5.346958      3.469243
      0.349117      5.946439      5.652209      5.398047      3.491173
      0.351304      6.001400      5.705011      5.449136      3.513035
      0.353483      6.056360      5.757814      5.500226      3.534829
      0.355656      6.111321      5.810616      5.551315      3.556556
      0.357822      6.166281      5.863418      5.602405      3.578217
      0.359981      6.221242      5.916221      5.653494      3.599813
      0.362134      6.276202      5.969023      5.704583      3.621344
      0.364281      6.331162      6.021825      5.755673      3.642811
      0.366422      6.386123      6.074628      5.806762      3.664215
      0.368556      6.441083      6.127430      5.857852      3.685557
      0.370684      6.496044      6.180232      5.908941      3.706837
      0.372806      6.551004      6.233035      5.960030      3.728057
      0.374922      6.605965      6.285837      6.011120      3.749216
      0.377032      6.660925      6.338639      6.062209      3.770315
      0.379136      6.715886      6.391442      6.113299      3.791356
      0.381234      6.770846      6.444244      6.164388      3.812338
      0.383326      6.825806      6.497046      6.215477      3.833263
      0.385413      6.880767      6.549849      6.266567      3.854131
      0.387494      6.935727      6.602651      6.317656      3.874942
      0.389570      6.990688      6.655453      6.368746      3.895698
      0.391640      7.045648      6.708255      6.419835      3.916399
      0.393705      7.100609      6.761058      6.470925      3.937045
      0.395764      7.155569      6.813860      6.522014      3.957637
      0.397818      7.210530      6.866662      6.573103      3.978176
      0.399866      7.265490      6.919465      6.624193      3.998662
      0.401910      7.320450      6.972267      6.675282      4.019095
      0.403948      7.375411      7.025069      6.726372      4.039477
      0.405981      7.430371      7.077872      6.777461      4.059807
      0.408009      7.485332      7.130674      6.828550      4.080087
      0.410032      7.540292      7.183476      6.879640      4.100316
      0.412050      7.595253      7.236279      6.930729      4.120495
      0.414063      7.650213      7.289081      6.981819      4.140626
      0.416071      7.705173      7.341883      7.032908      4.160707
      0.418074      7.760134      7.394686      7.083997      4.180740
      0.420073      7.815094      7.447488      7.135087      4.200725
      0.422066      7.870055      7.500290      7.186176      4.220663
      0.424055      7.925015      7.553093      7.237266      4.240554
      0.426040      7.979976      7.605895      7.288355      4.260398
      0.428020      8.034936      7.658697      7.339445      4.280196
      0.429995      8.089897      7.711500      7.390534      4.299948
      0.431966      8.144857      7.764302      7.441623      4.319656
      0.433932      8.199817      7.817104      7.492713      4.339318
      0.435894      8.254778      7.869907      7.543802      4.358936
      0.437851      8.309738      7.922709      7.594892      4.378510
      0.439804      8.364699      7.975511      7.645981      4.398040
      0.441753      8.419659      8.028314      7.697070      4.417527
      0.443697      8.474620      8.081116      7.748160      4.436971
      0.445637      8.529580      8.133918      7.799249      4.456372
      0.447573      8.584540      8.186720      7.850339      4.475732
      0.449505      8.639501      8.239523      7.901428      4.495049
      0.451433      8.694461      8.292325      7.952517      4.514325
      0.453356      8.749422      8.345127      8.003607      4.533560
      0.455275      8.804382      8.397930      8.054696      4.552755
      0.457191      8.859343      8.450732      8.105786      4.571909
      0.459102      8.914303      8.503534      8.156875      4.591023
      0.461010      8.969264      8.556337      8.207964      4.610097
      0.462913      9.024224      8.609139      8.259054      4.629132
      0.464813      9.079184      8.661941      8.310143      4.648128
      0.466708      9.134145      8.714744      8.361233      4.667085
      0.468600      9.189105      8.767546      8.412322      4.686003
      0.470488      9.244066      8.820348      8.463412      4.704884
      0.472373      9.299026      8.873151      8.514501      4.723727
      0.474253      9.353987      8.925953      8.565590      4.742532
      0.476130      9.408947      8.978755      8.616680      4.761300
      0.478003      9.463907      9.031558      8.667769      4.780031
      0.479873      9.518868      9.084360      8.718859      4.798725
      0.481738      9.573828      9.137162      8.769948      4.817384
      0.483601      9.628789      9.189965      8.821037      4.836006
      0.485459      9.683749      9.242767      8.872127      4.854592
      0.487314      9.738710      9.295569      8.923216      4.873143
      0.489166      9.793670      9.348372      8.974306      4.891658
      0.491014      9.848631      9.401174      9.025395      4.910139
      0.492858      9.903591      9.453976      9.076484      4.928585
      0.494700      9.958551      9.506779      9.127574      4.946996
      0.496537     10.013512      9.559581      9.178663      4.965373
      0.498372     10.068472      9.612383      9.229753      4.983716
      0.500203     10.123433      9.665186      9.280842      5.002026
      0.502030     10.178393      9.717988      9.331932      5.020302
      0.503855     10.233354      9.770790      9.383021      5.038545
      0.505675     10.288314      9.823592      9.434110      5.056755
      0.507493     10.343274      9.876395      9.485200      5.074932
      0.509308     10.398235      9.929197      9.536289      5.093077
      0.511119     10.453195      9.981999      9.587379      5.111189
      0.512927     10.508156     10.034802      9.638468      5.129270
      0.514732     10.563116     10.087604      9.689557      5.147318
      0.516534     10.618077     10.140406      9.740647      5.165335
      0.518332     10.673037     10.193209      9.791736      5.183321
      0.520128     10.727998     10.246011      9.842826      5.201275
      0.521920     10.782958     10.298813      9.893915      5.219199
      0.523709     10.837918     10.351616      9.945004      5.237092
      0.525495     10.892879     10.404418      9.996094      5.254954
      0.527279     10.947839     10.457220     10.047183      5.272786
      0.529059     11.002800     10.510023     10.098273      5.290588
      0.530836     11.057760     10.562825     10.149362      5.308360
      0.532610     11.112721     10.615627     10.200451      5.326102
      0.534382     11.167681     10.668430     10.251541      5.343815
      0.536150     11.222641     10.721232     10.302630      5.361499
      0.537915     11.277602     10.774034     10.353720      5.379153
      0.539678     11.332562     10.826837     10.404809      5.396778
      0.541438     11.387523     10.879639     10.455899      5.414375
      0.543194     11.442483     10.932441     10.506988      5.431943
      0.544948     11.497444     10.985244     10.558077      5.449483
      0.546699     11.552404     11.038046     10.609167      5.466995
      0.548448     11.607365     11.090848     10.660256      5.484478
      0.550193     11.662325     11.143651     10.711346      5.501934
      0.551936     11.717285     11.196453     10.762435      5.519362
      0.553676     11.772246     11.249255     10.813524      5.536763
      0.555414     11.827206     11.302058     10.864614      5.554136
      0.557148     11.882167     11.354860     10.915703      5.571483
      0.558880     11.937127     11.407662     10.966793      5.588802
      0.560609     11.992088     11.460464     11.017882      5.606095
      0.562336     12.047048     11.513267     11.068971      5.623360
      0.564060     12.102008     11.566069     11.120061      5.640600
      0.565781     12.156969     11.618871     11.171150      5.657813
      0.567500     12.211929     11.671674     11.222240      5.675000
      0.569216     12.266890     11.724476     11.273329      5.692161
      0.570930     12.321850     11.777278     11.324419      5.709296
      0.572641     12.376811     11.830081     11.375508      5.726405
      0.574349     12.431771     11.882883     11.426597      5.743489
      0.576055     12.486732     11.935685     11.477687      5.760548
      0.577758     12.541692     11.988488     11.528776      5.777581
      0.579459     12.596652     12.041290     11.579866      5.794590
      0.581157     12.651613     12.094092     11.630955      5.811573
      0.582853     12.706573     12.146895     11.682044      5.828531
      0.584547     12.761534     12.199697     11.733134      5.845465
      0.586237     12.816494     12.252499     11.784223      5.862375
      0.587926     12.871455     12.305302     11.835313      5.879260
      0.589612     12.926415     12.358104     11.886402      5.896121
      0.591296     12.981376     12.410906     11.937491      5.912958
      0.592977     13.036336     12.463709     11.988581      5.929771
      0.594656     13.091296     12.516511     12.039670      5.946560
      0.596333     13.146257     12.569313     12.090760      5.963325
      0.598007     13.201217     12.622116     12.141849      5.980067
      0.599679     13.256178     12.674918     12.192938      5.996785
      0.601348     13.311138     12.727720     12.244028      6.013481
      0.603015     13.366099     12.780523     12.295117      6.030153
      0.604680     13.421059     12.833325     12.346207      6.046802
      0.606343     13.476019     12.886127     12.397296      6.063428
      0.608003     13.530980     12.938930     12.448386      6.080031
      0.609661     13.585940     12.991732     12.499475      6.096612
      0.611317     13.640901     13.044534     12.550564      6.113170
      0.612971     13.695861     13.097336     12.601654      6.129706
      0.614622     13.750822     13.150139     12.652743      6.146220
      0.616271     13.805782     13.202941     12.703833      6.162711
      0.617918     13.860743     13.255743     12.754922      6.179180
      0.619563     13.915703     13.308546     12.806011      6.195628
      0.621205     13.970663     13.361348     12.857101      6.212053
      0.622846     14.025624     13.414150     12.908190      6.228457
      0.624484     14.080584     13.466953     12.959280      6.244840
      0.626120     14.135545     13.519755     13.010369      6.261201
      0.627754     14.190505     13.572557     13.061458      6.277540
      0.629386     14.245466     13.625360     13.112548      6.293859
      0.631016     14.300426     13.678162     13.163637      6.310156
      0.632643     14.355386     13.730964     13.214727      6.326432
      0.634269     14.410347     13.783767     13.265816      6.342687
      0.635892     14.465307     13.836569     13.316906      6.358922
      0.637514     14.520268     13.889371     13.367995      6.375136
      0.639133     14.575228     13.942174     13.419084      6.391329
      0.640750     14.630189     13.994976     13.470174      6.407501
      0.642365     14.685149     14.047778     13.521263      6.423654
      0.643979     14.740110     14.100581     13.572353      6.439786
      0.645590     14.795070     14.153383     13.623442      6.455898
      0.647199     14.850030     14.206185     13.674531      6.471989
      0.648806     14.904991     14.258988     13.725621      6.488061
      0.650411     14.959951     14.311790     13.776710      6.504113
      0.652015     15.014912     14.364592     13.827800      6.520145
      0.653616     15.069872     14.417395     13.878889      6.536158
      0.655215     15.124833     14.470197     13.929978      6.552151
      0.656812     15.179793     14.522999     13.981068      6.568124
      0.658408     15.234753     14.575802     14.032157      6.584078
      0.660001     15.289714     14.628604     14.083247      6.600013
      0.661593     15.344674     14.681406     14.134336      6.615928
      0.663182     15.399635     14.734208     14.185425      6.631824
      0.664770     15.454595     14.787011     14.236515      6.647702
      0.666356     15.509556     14.839813     14.287604      6.663560
      0.667940     15.564516     14.892615     14.338694      6.679399
      0.669522     15.619477     14.945418     14.389783      6.695220
      0.671102     15.674437     14.998220     14.440873      6.711022
      0.672681     15.729397     15.051022     14.491962      6.726806
      0.674257     15.784358     15.103825     14.543051      6.742571
      0.675832     15.839318     15.156627     14.594141      6.758317
      0.677405     15.894279     15.209429     14.645230      6.774046
      0.678976     15.949239     15.262232     14.696320      6.789756
      0.680545     16.004200     15.315034     14.747409      6.805448
      0.682112     16.059160     15.367836     14.798498      6.821121
      0.683678     16.114120     15.420639     14.849588      6.836777
      0.685242     16.169081     15.473441     14.900677      6.852415
      0.686804     16.224041     15.526243     14.951767      6.868035
      0.688364     16.279002     15.579046     15.002856      6.883638
      0.689922     16.333962     15.631848     15.053945      6.899222
      0.691479     16.388923     15.684650     15.105035      6.914789
      0.693034     16.443883     15.737453     15.156124      6.930339
      0.694587     16.498844     15.790255     15.207214      6.945871
      0.696139     16.553804     15.843057     15.258303      6.961386
      0.697688     16.608764     15.895860     15.309393      6.976884
      0.699236     16.663725     15.948662     15.360482      6.992364
      0.700783     16.718685     16.001464     15.411571      7.007827
      0.702327     16.773646     16.054267     15.462661      7.023273
      0.703870     16.828606     16.107069     15.513750      7.038703
      0.705411     16.883567     16.159871     15.564840      7.054115
      0.706951     16.938527     16.212674     15.615929      7.069510
      0.708489     16.993487     16.265476     15.667018      7.084889
      0.710025     17.048448     16.318278     15.718108      7.100251
      0.711560     17.103408     16.371080     15.769197      7.115597
      0.713093     17.158369     16.423883     15.820287      7.130926
      0.714624     17.213329     16.476685     15.871376      7.146238
      0.716153     17.268290     16.529487     15.922465      7.161535
      0.717681     17.323250     16.582290     15.973555      7.176814
      0.719208     17.378211     16.635092     16.024644      7.192078
      0.720733     17.433171     16.687894     16.075734      7.207325
      0.722256     17.488131     16.740697     16.126823      7.222557
      0.723777     17.543092     16.793499     16.177912      7.237772
      0.725297     17.598052     16.846301     16.229002      7.252971
      0.726815     17.653013     16.899104     16.280091      7.268154
      0.728332     17.707973     16.951906     16.331181      7.283322
      0.729847     17.762934     17.004708     16.382270      7.298474
      0.731361     17.817894     17.057511     16.433360      7.313610
      0.732873     17.872854     17.110313     16.484449      7.328730
      0.734383     17.927815     17.163115     16.535538      7.343835
      0.735892     17.982775     17.215918     16.586628      7.358924
      0.737400     18.037736     17.268720     16.637717      7.373998
      0.738906     18.092696     17.321522     16.688807      7.389056
      0.740410     18.147657     17.374325     16.739896      7.404099
      0.741913     18.202617     17.427127     16.790985      7.419127
      0.743414     18.257578     17.479929     16.842075      7.434140
      0.744914     18.312538     17.532732     16.893164      7.449137
      0.746412     18.367498     17.585534     16.944254      7.464120
      0.747909     18.422459     17.638336     16.995343      7.479087
      0.749404     18.477419     17.691139     17.046432      7.494040
      0.750898     18.532380     17.743941     17.097522      7.508977
      0.752390     18.587340     17.796743     17.148611      7.523900
      0.753881     18.642301     17.849546     17.199701      7.538808
      0.755370     18.697261     17.902348     17.250790      7.553701
      0.756858     18.752222     17.955150     17.301880      7.568579
      0.758344     18.807182     18.007952     17.352969      7.583443
      0.759829     18.862142     18.060755     17.404058      7.598293
      0.761313     18.917103     18.113557     17.455148      7.613127
      0.762795     18.972063     18.166359     17.506237      7.627948
      0.764275     19.027024     18.219162     17.557327      7.642754
      0.765755     19.081984     18.271964     17.608416      7.657546
      0.767232     19.136945     18.324766     17.659505      7.672323
      0.768709     19.191905     18.377569     17.710595      7.687086
      0.770184     19.246865     18.430371     17.761684      7.701835
      0.771657     19.301826     18.483173     17.812774      7.716570
      0.773129     19.356786     18.535976     17.863863      7.731291
      0.774600     19.411747     18.588778     17.914952      7.745998
      0.776069     19.466707     18.641580     17.966042      7.760691
      0.777537     19.521668     18.694383     18.017131      7.775370
      0.779004     19.576628     18.747185     18.068221      7.790035
      0.780469     19.631589     18.799987     18.119310      7.804686
      0.781932     19.686549     18.852790     18.170399      7.819324
      0.783395     19.741509     18.905592     18.221489      7.833948
      0.784856     19.796470     18.958394     18.272578      7.848558
      0.786316     19.851430     19.011197     18.323668      7.863155
      0.787774     19.906391     19.063999     18.374757      7.877738
      0.789231     19.961351     19.116801     18.425847      7.892308
      0.790686     20.016312     19.169604     18.476936      7.906864
      0.792141     20.071272     19.222406     18.528025      7.921407
      0.793594     20.126232     19.275208     18.579115      7.935937
      0.795045     20.181193     19.328011     18.630204      7.950453
      0.796496     20.236153     19.380813     18.681294      7.964956
      0.797945     20.291114     19.433615     18.732383      7.979446
      0.799392     20.346074     19.486417     18.783472      7.993923
      0.800839     20.401035     19.539220     18.834562      8.008386
      0.802284     20.455995     19.592022     18.885651      8.022837
      0.803727     20.510956     19.644824     18.936741      8.037274
      0.805170     20.565916     19.697627     18.987830      8.051699
      0.806611     20.620876     19.750429     19.038919      8.066111
      0.808051     20.675837     19.803231     19.090009      8.080509
      0.809490     20.730797     19.856034     19.141098      8.094895
      0.810927     20.785758     19.908836     19.192188      8.109269
      0.812363     20.840718     19.961638     19.243277      8.123629
      0.813798     20.895679     20.014441     19.294367      8.137977
      0.815231     20.950639     20.067243     19.345456      8.152312
      0.816663     21.005599     20.120045     19.396545      8.166635
      0.818094     21.060560     20.172848     19.447635      8.180945
      0.819524     21.115520     20.225650     19.498724      8.195242
      0.820953     21.170481     20.278452     19.549814      8.209528
      0.822380     21.225441     20.331255     19.600903      8.223800
      0.823806     21.280402     20.384057     19.651992      8.238060
      0.825231     21.335362     20.436859     19.703082      8.252308
      0.826654     21.390323     20.489662     19.754171      8.266544
      0.828077     21.445283     20.542464     19.805261      8.280767
      0.829498     21.500243     20.595266     19.856350      8.294979
      0.830918     21.555204     20.648069     19.907439      8.309178
      0.832336     21.610164     20.700871     19.958529      8.323365
      0.833754     21.665125     20.753673     20.009618      8.337540
      0.835170     21.720085     20.806476     20.060708      8.351702
      0.836585     21.775046     20.859278     20.111797      8.365853
      0.837999     21.830006     20.912080     20.162886      8.379992
      0.839412     21.884966     20.964883     20.213976      8.394119
      0.840823     21.939927     21.017685     20.265065      8.408234
      0.842234     21.994887     21.070487     20.316155      8.422337
      0.843643     22.049848     21.123289     20.367244      8.436429
      0.845051     22.104808     21.176092     20.418334      8.450508
      0.846458     22.159769     21.228894     20.469423      8.464576
      0.847863     22.214729     21.281696     20.520512      8.478633
      0.849268     22.269690     21.334499     20.571602      8.492677
      0.850671     22.324650     21.387301     20.622691      8.506710
      0.852073     22.379610     21.440103     20.673781      8.520732
      0.853474     22.434571     21.492906     20.724870      8.534742
      0.854874     22.489531     21.545708     20.775959      8.548740
      0.856273     22.544492     21.598510     20.827049      8.562727
      0.857670     22.599452     21.651313     20.878138      8.576703
      0.859067     22.654413     21.704115     20.929228      8.590667
      0.860462     22.709373     21.756917     20.980317      8.604620
      0.861856     22.764333     21.809720     21.031406      8.618561
      0.863249     22.819294     21.862522     21.082496      8.632491
      0.864641     22.874254     21.915324     21.133585      8.646411
      0.866032     22.929215     21.968127     21.184675      8.660318
      0.867422     22.984175     22.020929     21.235764      8.674215
      0.868810     23.039136     22.073731     21.286854      8.688101
      0.870198     23.094096     22.126534     21.337943      8.701975
      0.871584     23.149057     22.179336     21.389032      8.715839
      0.872969     23.204017     22.232138     21.440122      8.729691
      0.874353     23.258977     22.284941     21.491211      8.743532
      0.875736     23.313938     22.337743     21.542301      8.757363
      0.877118     23.368898     22.390545     21.593390      8.771183
      0.878499     23.423859     22.443348     21.644479      8.784991
      0.879879     23.478819     22.496150     21.695569      8.798789
      0.881258     23.533780     22.548952     21.746658      8.812576
      0.882635     23.588740     22.601755     21.797748      8.826352
      0.884012     23.643700     22.654557     21.848837      8.840118
      0.885387     23.698661     22.707359     21.899926      8.853873
      0.886762     23.753621     22.760161     21.951016      8.867617
      0.888135     23.808582     22.812964     22.002105      8.881350
      0.889507     23.863542     22.865766     22.053195      8.895073
      0.890879     23.918503     22.918568     22.104284      8.908786
      0.892249     23.973463     22.971371     22.155373      8.922487
      0.893618     24.028424     23.024173     22.206463      8.936179
      0.894986     24.083384     23.076975     22.257552      8.949859
      0.896353     24.138344     23.129778     22.308642      8.963530
      0.897719     24.193305     23.182580     22.359731      8.977190
      0.899084     24.248265     23.235382     22.410821      8.990839
      0.900448     24.303226     23.288185     22.461910      9.004478
      0.901811     24.358186     23.340987     22.512999      9.018107
      0.903173     24.413147     23.393789     22.564089      9.031726
      0.904533     24.468107     23.446592     22.615178      9.045334
      0.905893     24.523068     23.499394     22.666268      9.058932
      0.907252     24.578028     23.552196     22.717357      9.072520
      0.908610     24.632988     23.604999     22.768446      9.086098
      0.909967     24.687949     23.657801     22.819536      9.099665
      0.911322     24.742909     23.710603     22.870625      9.113223
      0.912677     24.797870     23.763406     22.921715      9.126770
      0.914031     24.852830     23.816208     22.972804      9.140307
      0.915383     24.907791     23.869010     23.023893      9.153835
      0.916735     24.962751     23.921813     23.074983      9.167352
      0.918086     25.017712     23.974615     23.126072      9.180859
      0.919436     25.072673     24.027417     23.177162      9.194357
      0.920784     25.127634     24.080220     23.228251      9.207844
      0.922132     25.182595     24.133022     23.279341      9.221322
      0.923479     25.237556     24.185824     23.330430      9.234790
      0.924825     25.292517     24.238627     23.381519      9.248248
      0.926170     25.347479     24.291429     23.432609      9.261696
      0.927513     25.402440     24.344231     23.483698      9.275135
      0.928856     25.457402     24.397033     23.534788      9.288563
      0.930198     25.512365     24.449836     23.585877      9.301982
      0.931539     25.567327     24.502638     23.636966      9.315392
      0.932879     25.622290     24.555440     23.688056      9.328792
      0.934218     25.677253     24.608243     23.739145      9.342182
      0.935556     25.732217     24.661045     23.790235      9.355562
      0.936893     25.787181     24.713847     23.841324      9.368933
      0.938229     25.842145     24.766650     23.892413      9.382295
      0.939565     25.897109     24.819452     23.943503      9.395647
      0.940899     25.952074     24.872254     23.994592      9.408989
      0.942232     26.007040     24.925057     24.045682      9.422322
      0.943565     26.062005     24.977859     24.096771      9.435646
      0.944896     26.116972     25.030661     24.147860      9.448960
      0.946226     26.171938     25.083464     24.198950      9.462264
      0.947556     26.226905     25.136266     24.250039      9.475560
      0.948885     26.281873     25.189068     24.301129      9.488846
      0.950212     26.336841     25.241871     24.352218      9.502123
      0.951539     26.391810     25.294673     24.403308      9.515390
      0.952865     26.446779     25.347475     24.454397      9.528649
      0.954190     26.501749     25.400278     24.505486      9.541898
      0.955514     26.556720     25.453080     24.556576      9.555138
      0.956837     26.611691     25.505882     24.607665      9.568368
      0.958159     26.666663     25.558685     24.658755      9.581590
      0.959480     26.721635     25.611487     24.709844      9.594803
      0.960801     26.776608     25.664289     24.760933      9.608006
      0.962120     26.831582     25.717092     24.812023      9.621200
      0.963439     26.886556     25.769894     24.863112      9.634386
      0.964756     26.941531     25.822696     24.914202      9.647562
      0.966073     26.996507     25.875499     24.965291      9.660729
      0.967389     27.051483     25.928301     25.016380      9.673887
      0.968704     27.106460     25.981103     25.067470      9.687037
      0.970018     27.161438     26.033905     25.118559      9.700177
      0.971331     27.216417     26.086708     25.169649      9.713309
      0.972643     27.271397     26.139510     25.220738      9.726431
      0.973955     27.326377     26.192312     25.271828      9.739545
      0.975265     27.381358     26.245115     25.322917      9.752650
      0.976575     27.436341     26.297917     25.374006      9.765746
      0.977883     27.491324     26.350719     25.425096      9.778834
      0.979191     27.546307     26.403522     25.476185      9.791913
      0.980498     27.601292     26.456324     25.527275      9.804983
      0.981804     27.656278     26.509126     25.578364      9.818044
      0.983110     27.711264     26.561929     25.629453      9.831096
      0.984414     27.766252     26.614731     25.680543      9.844140
      0.985718     27.821240     26.667533     25.731632      9.857176
      0.987020     27.876230     26.720336     25.782722      9.870202
      0.988322     27.931220     26.773138     25.833811      9.883220
      0.989623     27.986211     26.825940     25.884900      9.896230
      0.990923     28.041204     26.878743     25.935990      9.909231
      0.992222     28.096197     26.931545     25.987079      9.922223
      0.993521     28.151192     26.984347     26.038169      9.935207
      0.994818     28.206187     27.037150     26.089258      9.948183
      0.996115     28.261184     27.089952     26.140347      9.961150
      0.997411     28.316182     27.142754     26.191437      9.974108
      0.998706     28.371180     27.195557     26.242526      9.987058
      1.000000     28.426180     27.248359     26.293616     10.000000
