  Omega0      e0        e1        e2       e11       e22       e33        ai      delta0  
   1.00000   1.00000   0.90000   0.80000   0.00000   0.00000   0.00000   0.10000  -0.70690
Number of "drawing" timesteps:    500
  exp. factor        a1             a2             a3         exp. ratio   
      0.100000      1.000000      0.900000      0.800000      1.000000
      0.104050      1.061186      0.959884      0.859225      1.040505
      0.108024      1.122372      1.019769      0.918451      1.080236
      0.111925      1.183558      1.079653      0.977676      1.119249
      0.115759      1.244744      1.139538      1.036902      1.157594
      0.119531      1.305929      1.199422      1.096127      1.195314
      0.123245      1.367115      1.259307      1.155353      1.232448
      0.126903      1.428301      1.319191      1.214578      1.269030
      0.130509      1.489487      1.379075      1.273804      1.305093
      0.134066      1.550673      1.438960      1.333029      1.340664
      0.137577      1.611859      1.498844      1.392255      1.375769
      0.141043      1.673045      1.558729      1.451480      1.410432
      0.144467      1.734231      1.618613      1.510706      1.444674
      0.147851      1.795417      1.678498      1.569931      1.478515
      0.151197      1.856603      1.738382      1.629157      1.511973
      0.154506      1.917788      1.798267      1.688382      1.545064
      0.157781      1.978974      1.858151      1.747607      1.577805
      0.161021      2.040160      1.918035      1.806833      1.610210
      0.164229      2.101346      1.977920      1.866058      1.642292
      0.167406      2.162532      2.037804      1.925284      1.674064
      0.170554      2.223718      2.097689      1.984509      1.705537
      0.173672      2.284904      2.157573      2.043735      1.736722
      0.176763      2.346090      2.217458      2.102960      1.767629
      0.179827      2.407276      2.277342      2.162186      1.798269
      0.182865      2.468462      2.337226      2.221411      1.828650
      0.185878      2.529647      2.397111      2.280637      1.858780
      0.188867      2.590833      2.456995      2.339862      1.888669
      0.191832      2.652019      2.516880      2.399088      1.918322
      0.194775      2.713205      2.576764      2.458313      1.947749
      0.197695      2.774391      2.636649      2.517539      1.976954
      0.200595      2.835577      2.696533      2.576764      2.005945
      0.203473      2.896763      2.756418      2.635989      2.034729
      0.206331      2.957949      2.816302      2.695215      2.063310
      0.209169      3.019135      2.876186      2.754440      2.091695
      0.211989      3.080321      2.936071      2.813666      2.119888
      0.214789      3.141506      2.995955      2.872891      2.147895
      0.217572      3.202692      3.055840      2.932117      2.175721
      0.220337      3.263878      3.115724      2.991342      2.203369
      0.223085      3.325064      3.175609      3.050568      2.230846
      0.225815      3.386250      3.235493      3.109793      2.258154
      0.228530      3.447436      3.295377      3.169019      2.285298
      0.231228      3.508622      3.355262      3.228244      2.312282
      0.233911      3.569808      3.415146      3.287470      2.339109
      0.236578      3.630994      3.475031      3.346695      2.365784
      0.239231      3.692180      3.534915      3.405921      2.392308
      0.241869      3.753365      3.594800      3.465146      2.418687
      0.244492      3.814551      3.654684      3.524372      2.444922
      0.247102      3.875737      3.714568      3.583597      2.471018
      0.249698      3.936923      3.774453      3.642822      2.496976
      0.252280      3.998109      3.834337      3.702048      2.522800
      0.254849      4.059295      3.894222      3.761273      2.548493
      0.257406      4.120481      3.954106      3.820499      2.574057
      0.259949      4.181667      4.013991      3.879724      2.599494
      0.262481      4.242853      4.073875      3.938950      2.624808
      0.265000      4.304039      4.133760      3.998175      2.650000
      0.267507      4.365224      4.193644      4.057401      2.675073
      0.270003      4.426410      4.253528      4.116626      2.700029
      0.272487      4.487596      4.313413      4.175852      2.724870
      0.274960      4.548782      4.373297      4.235077      2.749599
      0.277422      4.609968      4.433182      4.294303      2.774216
      0.279873      4.671154      4.493066      4.353528      2.798725
      0.282313      4.732340      4.552951      4.412754      2.823128
      0.284742      4.793526      4.612835      4.471979      2.847425
      0.287162      4.854712      4.672719      4.531204      2.871619
      0.289571      4.915898      4.732604      4.590430      2.895711
      0.291970      4.977083      4.792488      4.649655      2.919704
      0.294360      5.038269      4.852373      4.708881      2.943598
      0.296740      5.099455      4.912257      4.768106      2.967396
      0.299110      5.160641      4.972142      4.827332      2.991099
      0.301471      5.221827      5.032026      4.886557      3.014708
      0.303823      5.283013      5.091911      4.945783      3.038225
      0.306165      5.344199      5.151795      5.005008      3.061652
      0.308499      5.405385      5.211679      5.064234      3.084989
      0.310824      5.466571      5.271564      5.123459      3.108238
      0.313140      5.527757      5.331448      5.182685      3.131401
      0.315448      5.588942      5.391333      5.241910      3.154478
      0.317747      5.650128      5.451217      5.301136      3.177471
      0.320038      5.711314      5.511102      5.360361      3.200382
      0.322321      5.772500      5.570986      5.419586      3.223210
      0.324596      5.833686      5.630870      5.478812      3.245958
      0.326863      5.894872      5.690755      5.538037      3.268627
      0.329122      5.956058      5.750639      5.597263      3.291217
      0.331373      6.017244      5.810524      5.656488      3.313730
      0.333617      6.078430      5.870408      5.715714      3.336167
      0.335853      6.139616      5.930293      5.774939      3.358529
      0.338082      6.200801      5.990177      5.834165      3.380816
      0.340303      6.261987      6.050062      5.893390      3.403030
      0.342517      6.323173      6.109946      5.952616      3.425172
      0.344724      6.384359      6.169830      6.011841      3.447243
      0.346924      6.445545      6.229715      6.071067      3.469243
      0.349117      6.506731      6.289599      6.130292      3.491173
      0.351304      6.567917      6.349484      6.189518      3.513035
      0.353483      6.629103      6.409368      6.248743      3.534829
      0.355656      6.690289      6.469253      6.307968      3.556556
      0.357822      6.751475      6.529137      6.367194      3.578217
      0.359981      6.812660      6.589021      6.426419      3.599813
      0.362134      6.873846      6.648906      6.485645      3.621344
      0.364281      6.935032      6.708790      6.544870      3.642811
      0.366422      6.996218      6.768675      6.604096      3.664215
      0.368556      7.057404      6.828559      6.663321      3.685557
      0.370684      7.118590      6.888444      6.722547      3.706837
      0.372806      7.179776      6.948328      6.781772      3.728057
      0.374922      7.240962      7.008212      6.840998      3.749216
      0.377032      7.302148      7.068097      6.900223      3.770315
      0.379136      7.363334      7.127981      6.959449      3.791356
      0.381234      7.424519      7.187866      7.018674      3.812338
      0.383326      7.485705      7.247750      7.077900      3.833263
      0.385413      7.546891      7.307635      7.137125      3.854131
      0.387494      7.608077      7.367519      7.196351      3.874942
      0.389570      7.669263      7.427404      7.255576      3.895698
      0.391640      7.730449      7.487288      7.314801      3.916399
      0.393705      7.791635      7.547172      7.374027      3.937045
      0.395764      7.852821      7.607057      7.433252      3.957637
      0.397818      7.914007      7.666941      7.492478      3.978176
      0.399866      7.975193      7.726826      7.551703      3.998662
      0.401910      8.036378      7.786710      7.610929      4.019095
      0.403948      8.097564      7.846595      7.670154      4.039477
      0.405981      8.158750      7.906479      7.729380      4.059807
      0.408009      8.219936      7.966363      7.788605      4.080087
      0.410032      8.281122      8.026248      7.847831      4.100316
      0.412050      8.342308      8.086132      7.907056      4.120495
      0.414063      8.403494      8.146017      7.966282      4.140626
      0.416071      8.464680      8.205901      8.025507      4.160707
      0.418074      8.525866      8.265786      8.084733      4.180740
      0.420073      8.587052      8.325670      8.143958      4.200725
      0.422066      8.648237      8.385555      8.203183      4.220663
      0.424055      8.709423      8.445439      8.262409      4.240554
      0.426040      8.770609      8.505323      8.321634      4.260398
      0.428020      8.831795      8.565208      8.380860      4.280196
      0.429995      8.892981      8.625092      8.440085      4.299948
      0.431966      8.954167      8.684977      8.499311      4.319656
      0.433932      9.015353      8.744861      8.558536      4.339318
      0.435894      9.076539      8.804746      8.617762      4.358936
      0.437851      9.137725      8.864630      8.676987      4.378510
      0.439804      9.198911      8.924514      8.736213      4.398040
      0.441753      9.260096      8.984399      8.795438      4.417527
      0.443697      9.321282      9.044283      8.854664      4.436971
      0.445637      9.382468      9.104168      8.913889      4.456372
      0.447573      9.443654      9.164052      8.973115      4.475732
      0.449505      9.504840      9.223937      9.032340      4.495049
      0.451433      9.566026      9.283821      9.091565      4.514325
      0.453356      9.627212      9.343705      9.150791      4.533560
      0.455275      9.688398      9.403590      9.210016      4.552755
      0.457191      9.749584      9.463474      9.269242      4.571909
      0.459102      9.810770      9.523359      9.328467      4.591023
      0.461010      9.871955      9.583243      9.387693      4.610097
      0.462913      9.933141      9.643128      9.446918      4.629132
      0.464813      9.994327      9.703012      9.506144      4.648128
      0.466708     10.055513      9.762897      9.565369      4.667085
      0.468600     10.116699      9.822781      9.624595      4.686003
      0.470488     10.177885      9.882665      9.683820      4.704884
      0.472373     10.239071      9.942550      9.743046      4.723727
      0.474253     10.300257     10.002434      9.802271      4.742532
      0.476130     10.361443     10.062319      9.861497      4.761300
      0.478003     10.422629     10.122203      9.920722      4.780031
      0.479873     10.483814     10.182088      9.979947      4.798725
      0.481738     10.545000     10.241972     10.039173      4.817384
      0.483601     10.606186     10.301856     10.098398      4.836006
      0.485459     10.667372     10.361741     10.157624      4.854592
      0.487314     10.728558     10.421625     10.216849      4.873143
      0.489166     10.789744     10.481510     10.276075      4.891658
      0.491014     10.850930     10.541394     10.335300      4.910139
      0.492858     10.912116     10.601279     10.394526      4.928585
      0.494700     10.973302     10.661163     10.453751      4.946996
      0.496537     11.034487     10.721048     10.512977      4.965373
      0.498372     11.095673     10.780932     10.572202      4.983716
      0.500203     11.156859     10.840816     10.631428      5.002026
      0.502030     11.218045     10.900701     10.690653      5.020302
      0.503855     11.279231     10.960585     10.749879      5.038545
      0.505675     11.340417     11.020470     10.809104      5.056755
      0.507493     11.401603     11.080354     10.868329      5.074932
      0.509308     11.462789     11.140239     10.927555      5.093077
      0.511119     11.523975     11.200123     10.986780      5.111189
      0.512927     11.585161     11.260007     11.046006      5.129270
      0.514732     11.646346     11.319892     11.105231      5.147318
      0.516534     11.707532     11.379776     11.164457      5.165335
      0.518332     11.768718     11.439661     11.223682      5.183321
      0.520128     11.829904     11.499545     11.282908      5.201275
      0.521920     11.891090     11.559430     11.342133      5.219199
      0.523709     11.952276     11.619314     11.401359      5.237092
      0.525495     12.013462     11.679198     11.460584      5.254954
      0.527279     12.074648     11.739083     11.519810      5.272786
      0.529059     12.135834     11.798967     11.579035      5.290588
      0.530836     12.197020     11.858852     11.638261      5.308360
      0.532610     12.258205     11.918736     11.697486      5.326102
      0.534382     12.319391     11.978621     11.756712      5.343815
      0.536150     12.380577     12.038505     11.815937      5.361499
      0.537915     12.441763     12.098390     11.875162      5.379153
      0.539678     12.502949     12.158274     11.934388      5.396778
      0.541438     12.564135     12.218158     11.993613      5.414375
      0.543194     12.625321     12.278043     12.052839      5.431943
      0.544948     12.686507     12.337927     12.112064      5.449483
      0.546699     12.747693     12.397812     12.171290      5.466995
      0.548448     12.808879     12.457696     12.230515      5.484478
      0.550193     12.870064     12.517581     12.289741      5.501934
      0.551936     12.931250     12.577465     12.348966      5.519362
      0.553676     12.992436     12.637349     12.408192      5.536763
      0.555414     13.053622     12.697234     12.467417      5.554136
      0.557148     13.114808     12.757118     12.526643      5.571483
      0.558880     13.175994     12.817003     12.585868      5.588802
      0.560609     13.237180     12.876887     12.645094      5.606095
      0.562336     13.298366     12.936772     12.704319      5.623360
      0.564060     13.359552     12.996656     12.763544      5.640600
      0.565781     13.420738     13.056541     12.822770      5.657813
      0.567500     13.481924     13.116425     12.881995      5.675000
      0.569216     13.543110     13.176309     12.941221      5.692161
      0.570930     13.604297     13.236194     13.000446      5.709296
      0.572641     13.665484     13.296078     13.059672      5.726405
      0.574349     13.726672     13.355963     13.118897      5.743489
      0.576055     13.787861     13.415847     13.178123      5.760548
      0.577758     13.849050     13.475732     13.237348      5.777581
      0.579459     13.910240     13.535616     13.296574      5.794590
      0.581157     13.971431     13.595500     13.355799      5.811573
      0.582853     14.032622     13.655385     13.415025      5.828531
      0.584547     14.093815     13.715269     13.474250      5.845465
      0.586237     14.155009     13.775154     13.533476      5.862375
      0.587926     14.216204     13.835038     13.592701      5.879260
      0.589612     14.277400     13.894923     13.651926      5.896121
      0.591296     14.338598     13.954807     13.711152      5.912958
      0.592977     14.399797     14.014692     13.770377      5.929771
      0.594656     14.460998     14.074576     13.829603      5.946560
      0.596333     14.522200     14.134460     13.888828      5.963325
      0.598007     14.583404     14.194345     13.948054      5.980067
      0.599679     14.644609     14.254229     14.007279      5.996785
      0.601348     14.705817     14.314114     14.066505      6.013481
      0.603015     14.767026     14.373998     14.125730      6.030153
      0.604680     14.828237     14.433883     14.184956      6.046802
      0.606343     14.889450     14.493767     14.244181      6.063428
      0.608003     14.950665     14.553651     14.303407      6.080031
      0.609661     15.011883     14.613536     14.362632      6.096612
      0.611317     15.073102     14.673420     14.421858      6.113170
      0.612971     15.134324     14.733305     14.481083      6.129706
      0.614622     15.195548     14.793189     14.540308      6.146220
      0.616271     15.256775     14.853074     14.599534      6.162711
      0.617918     15.318004     14.912958     14.658759      6.179180
      0.619563     15.379236     14.972842     14.717985      6.195628
      0.621205     15.440470     15.032727     14.777210      6.212053
      0.622846     15.501707     15.092611     14.836436      6.228457
      0.624484     15.562947     15.152496     14.895661      6.244840
      0.626120     15.624189     15.212380     14.954887      6.261201
      0.627754     15.685435     15.272265     15.014112      6.277540
      0.629386     15.746683     15.332149     15.073338      6.293859
      0.631016     15.807934     15.392034     15.132563      6.310156
      0.632643     15.869189     15.451918     15.191789      6.326432
      0.634269     15.930446     15.511802     15.251014      6.342687
      0.635892     15.991707     15.571687     15.310240      6.358922
      0.637514     16.052971     15.631571     15.369465      6.375136
      0.639133     16.114238     15.691456     15.428691      6.391329
      0.640750     16.175509     15.751340     15.487916      6.407501
      0.642365     16.236783     15.811225     15.547141      6.423654
      0.643979     16.298060     15.871109     15.606367      6.439786
      0.645590     16.359341     15.930993     15.665592      6.455898
      0.647199     16.420626     15.990878     15.724818      6.471989
      0.648806     16.481914     16.050762     15.784043      6.488061
      0.650411     16.543206     16.110647     15.843269      6.504113
      0.652015     16.604502     16.170531     15.902494      6.520145
      0.653616     16.665802     16.230416     15.961720      6.536158
      0.655215     16.727106     16.290300     16.020945      6.552151
      0.656812     16.788413     16.350185     16.080171      6.568124
      0.658408     16.849724     16.410069     16.139396      6.584078
      0.660001     16.911040     16.469953     16.198622      6.600013
      0.661593     16.972360     16.529838     16.257847      6.615928
      0.663182     17.033683     16.589722     16.317073      6.631824
      0.664770     17.095011     16.649607     16.376298      6.647702
      0.666356     17.156344     16.709491     16.435523      6.663560
      0.667940     17.217680     16.769376     16.494749      6.679399
      0.669522     17.279021     16.829260     16.553974      6.695220
      0.671102     17.340367     16.889144     16.613200      6.711022
      0.672681     17.401717     16.949029     16.672425      6.726806
      0.674257     17.463071     17.008913     16.731651      6.742571
      0.675832     17.524430     17.068798     16.790876      6.758317
      0.677405     17.585794     17.128682     16.850102      6.774046
      0.678976     17.647162     17.188567     16.909327      6.789756
      0.680545     17.708535     17.248451     16.968553      6.805448
      0.682112     17.769913     17.308335     17.027778      6.821121
      0.683678     17.831296     17.368220     17.087004      6.836777
      0.685242     17.892683     17.428104     17.146229      6.852415
      0.686804     17.954076     17.487989     17.205455      6.868035
      0.688364     18.015473     17.547873     17.264680      6.883638
      0.689922     18.076876     17.607758     17.323905      6.899222
      0.691479     18.138283     17.667642     17.383131      6.914789
      0.693034     18.199696     17.727527     17.442356      6.930339
      0.694587     18.261114     17.787411     17.501582      6.945871
      0.696139     18.322537     17.847295     17.560807      6.961386
      0.697688     18.383966     17.907180     17.620033      6.976884
      0.699236     18.445399     17.967064     17.679258      6.992364
      0.700783     18.506839     18.026949     17.738484      7.007827
      0.702327     18.568283     18.086833     17.797709      7.023273
      0.703870     18.629733     18.146718     17.856935      7.038703
      0.705411     18.691189     18.206602     17.916160      7.054115
      0.706951     18.752650     18.266486     17.975386      7.069510
      0.708489     18.814116     18.326371     18.034611      7.084889
      0.710025     18.875589     18.386255     18.093837      7.100251
      0.711560     18.937067     18.446140     18.153062      7.115597
      0.713093     18.998551     18.506024     18.212287      7.130926
      0.714624     19.060040     18.565909     18.271513      7.146238
      0.716153     19.121536     18.625793     18.330738      7.161535
      0.717681     19.183037     18.685678     18.389964      7.176814
      0.719208     19.244544     18.745562     18.449189      7.192078
      0.720733     19.306058     18.805446     18.508415      7.207325
      0.722256     19.367577     18.865331     18.567640      7.222557
      0.723777     19.429102     18.925215     18.626866      7.237772
      0.725297     19.490634     18.985100     18.686091      7.252971
      0.726815     19.552171     19.044984     18.745317      7.268154
      0.728332     19.613715     19.104869     18.804542      7.283322
      0.729847     19.675265     19.164753     18.863768      7.298474
      0.731361     19.736821     19.224637     18.922993      7.313610
      0.732873     19.798384     19.284522     18.982219      7.328730
      0.734383     19.859953     19.344406     19.041444      7.343835
      0.735892     19.921528     19.404291     19.100669      7.358924
      0.737400     19.983110     19.464175     19.159895      7.373998
      0.738906     20.044698     19.524060     19.219120      7.389056
      0.740410     20.106293     19.583944     19.278346      7.404099
      0.741913     20.167895     19.643828     19.337571      7.419127
      0.743414     20.229503     19.703713     19.396797      7.434140
      0.744914     20.291117     19.763597     19.456022      7.449137
      0.746412     20.352739     19.823482     19.515248      7.464120
      0.747909     20.414367     19.883366     19.574473      7.479087
      0.749404     20.476002     19.943251     19.633699      7.494040
      0.750898     20.537644     20.003135     19.692924      7.508977
      0.752390     20.599293     20.063020     19.752150      7.523900
      0.753881     20.660948     20.122904     19.811375      7.538808
      0.755370     20.722611     20.182788     19.870601      7.553701
      0.756858     20.784281     20.242673     19.929826      7.568579
      0.758344     20.845957     20.302557     19.989052      7.583443
      0.759829     20.907641     20.362442     20.048277      7.598293
      0.761313     20.969332     20.422326     20.107502      7.613127
      0.762795     21.031030     20.482211     20.166728      7.627948
      0.764275     21.092735     20.542095     20.225953      7.642754
      0.765755     21.154448     20.601979     20.285179      7.657546
      0.767232     21.216168     20.661864     20.344404      7.672323
      0.768709     21.277895     20.721748     20.403630      7.687086
      0.770184     21.339629     20.781633     20.462855      7.701835
      0.771657     21.401371     20.841517     20.522081      7.716570
      0.773129     21.463121     20.901402     20.581306      7.731291
      0.774600     21.524878     20.961286     20.640532      7.745998
      0.776069     21.586642     21.021171     20.699757      7.760691
      0.777537     21.648414     21.081055     20.758983      7.775370
      0.779004     21.710194     21.140939     20.818208      7.790035
      0.780469     21.771981     21.200824     20.877434      7.804686
      0.781932     21.833776     21.260708     20.936659      7.819324
      0.783395     21.895578     21.320593     20.995884      7.833948
      0.784856     21.957389     21.380477     21.055110      7.848558
      0.786316     22.019207     21.440362     21.114335      7.863155
      0.787774     22.081033     21.500246     21.173561      7.877738
      0.789231     22.142867     21.560130     21.232786      7.892308
      0.790686     22.204709     21.620015     21.292012      7.906864
      0.792141     22.266559     21.679899     21.351237      7.921407
      0.793594     22.328417     21.739784     21.410463      7.935937
      0.795045     22.390283     21.799668     21.469688      7.950453
      0.796496     22.452157     21.859553     21.528914      7.964956
      0.797945     22.514039     21.919437     21.588139      7.979446
      0.799392     22.575930     21.979321     21.647365      7.993923
      0.800839     22.637828     22.039206     21.706590      8.008386
      0.802284     22.699735     22.099090     21.765816      8.022837
      0.803727     22.761650     22.158975     21.825041      8.037274
      0.805170     22.823574     22.218859     21.884266      8.051699
      0.806611     22.885505     22.278744     21.943492      8.066111
      0.808051     22.947446     22.338628     22.002717      8.080509
      0.809490     23.009394     22.398513     22.061943      8.094895
      0.810927     23.071351     22.458397     22.121168      8.109269
      0.812363     23.133317     22.518281     22.180394      8.123629
      0.813798     23.195291     22.578166     22.239619      8.137977
      0.815231     23.257274     22.638050     22.298845      8.152312
      0.816663     23.319265     22.697935     22.358070      8.166635
      0.818094     23.381265     22.757819     22.417296      8.180945
      0.819524     23.443274     22.817704     22.476521      8.195242
      0.820953     23.505292     22.877588     22.535747      8.209528
      0.822380     23.567318     22.937472     22.594972      8.223800
      0.823806     23.629353     22.997357     22.654198      8.238060
      0.825231     23.691397     23.057241     22.713423      8.252308
      0.826654     23.753450     23.117126     22.772648      8.266544
      0.828077     23.815512     23.177010     22.831874      8.280767
      0.829498     23.877583     23.236895     22.891099      8.294979
      0.830918     23.939662     23.296779     22.950325      8.309178
      0.832336     24.001751     23.356664     23.009550      8.323365
      0.833754     24.063849     23.416548     23.068776      8.337540
      0.835170     24.125956     23.476432     23.128001      8.351702
      0.836585     24.188073     23.536317     23.187227      8.365853
      0.837999     24.250198     23.596201     23.246452      8.379992
      0.839412     24.312333     23.656086     23.305678      8.394119
      0.840823     24.374477     23.715970     23.364903      8.408234
      0.842234     24.436630     23.775855     23.424129      8.422337
      0.843643     24.498793     23.835739     23.483354      8.436429
      0.845051     24.560965     23.895623     23.542580      8.450508
      0.846458     24.623146     23.955508     23.601805      8.464576
      0.847863     24.685337     24.015392     23.661031      8.478633
      0.849268     24.747538     24.075277     23.720256      8.492677
      0.850671     24.809748     24.135161     23.779481      8.506710
      0.852073     24.871967     24.195046     23.838707      8.520732
      0.853474     24.934196     24.254930     23.897932      8.534742
      0.854874     24.996435     24.314815     23.957158      8.548740
      0.856273     25.058684     24.374699     24.016383      8.562727
      0.857670     25.120942     24.434583     24.075609      8.576703
      0.859067     25.183210     24.494468     24.134834      8.590667
      0.860462     25.245488     24.554352     24.194060      8.604620
      0.861856     25.307776     24.614237     24.253285      8.618561
      0.863249     25.370074     24.674121     24.312511      8.632491
      0.864641     25.432381     24.734006     24.371736      8.646411
      0.866032     25.494699     24.793890     24.430962      8.660318
      0.867422     25.557026     24.853774     24.490187      8.674215
      0.868810     25.619364     24.913659     24.549413      8.688101
      0.870198     25.681711     24.973543     24.608638      8.701975
      0.871584     25.744069     25.033428     24.667863      8.715839
      0.872969     25.806437     25.093312     24.727089      8.729691
      0.874353     25.868815     25.153197     24.786314      8.743532
      0.875736     25.931203     25.213081     24.845540      8.757363
      0.877118     25.993602     25.272965     24.904765      8.771183
      0.878499     26.056011     25.332850     24.963991      8.784991
      0.879879     26.118430     25.392734     25.023216      8.798789
      0.881258     26.180860     25.452619     25.082442      8.812576
      0.882635     26.243300     25.512503     25.141667      8.826352
      0.884012     26.305750     25.572388     25.200893      8.840118
      0.885387     26.368211     25.632272     25.260118      8.853873
      0.886762     26.430682     25.692157     25.319344      8.867617
      0.888135     26.493164     25.752041     25.378569      8.881350
      0.889507     26.555657     25.811925     25.437795      8.895073
      0.890879     26.618160     25.871810     25.497020      8.908786
      0.892249     26.680674     25.931694     25.556245      8.922487
      0.893618     26.743199     25.991579     25.615471      8.936179
      0.894986     26.805734     26.051463     25.674696      8.949859
      0.896353     26.868281     26.111348     25.733922      8.963530
      0.897719     26.930838     26.171232     25.793147      8.977190
      0.899084     26.993406     26.231116     25.852373      8.990839
      0.900448     27.055984     26.291001     25.911598      9.004478
      0.901811     27.118574     26.350885     25.970824      9.018107
      0.903173     27.181175     26.410770     26.030049      9.031726
      0.904533     27.243787     26.470654     26.089275      9.045334
      0.905893     27.306410     26.530539     26.148500      9.058932
      0.907252     27.369044     26.590423     26.207726      9.072520
      0.908610     27.431689     26.650308     26.266951      9.086098
      0.909967     27.494345     26.710192     26.326177      9.099665
      0.911322     27.557012     26.770076     26.385402      9.113223
      0.912677     27.619691     26.829961     26.444627      9.126770
      0.914031     27.682381     26.889845     26.503853      9.140307
      0.915383     27.745082     26.949730     26.563078      9.153835
      0.916735     27.807795     27.009614     26.622304      9.167352
      0.918086     27.870519     27.069499     26.681529      9.180859
      0.919436     27.933255     27.129383     26.740755      9.194357
      0.920784     27.996002     27.189267     26.799980      9.207844
      0.922132     28.058760     27.249152     26.859206      9.221322
      0.923479     28.121531     27.309036     26.918431      9.234790
      0.924825     28.184312     27.368921     26.977657      9.248248
      0.926170     28.247106     27.428805     27.036882      9.261696
      0.927513     28.309911     27.488690     27.096108      9.275135
      0.928856     28.372727     27.548574     27.155333      9.288563
      0.930198     28.435556     27.608458     27.214559      9.301982
      0.931539     28.498396     27.668343     27.273784      9.315392
      0.932879     28.561248     27.728227     27.333009      9.328792
      0.934218     28.624112     27.788112     27.392235      9.342182
      0.935556     28.686988     27.847996     27.451460      9.355562
      0.936893     28.749876     27.907881     27.510686      9.368933
      0.938229     28.812775     27.967765     27.569911      9.382295
      0.939565     28.875687     28.027650     27.629137      9.395647
      0.940899     28.938611     28.087534     27.688362      9.408989
      0.942232     29.001547     28.147418     27.747588      9.422322
      0.943565     29.064495     28.207303     27.806813      9.435646
      0.944896     29.127455     28.267187     27.866039      9.448960
      0.946226     29.190428     28.327072     27.925264      9.462264
      0.947556     29.253412     28.386956     27.984490      9.475560
      0.948885     29.316409     28.446841     28.043715      9.488846
      0.950212     29.379419     28.506725     28.102941      9.502123
      0.951539     29.442440     28.566609     28.162166      9.515390
      0.952865     29.505474     28.626494     28.221392      9.528649
      0.954190     29.568521     28.686378     28.280617      9.541898
      0.955514     29.631580     28.746263     28.339842      9.555138
      0.956837     29.694652     28.806147     28.399068      9.568368
      0.958159     29.757736     28.866032     28.458293      9.581590
      0.959480     29.820832     28.925916     28.517519      9.594803
      0.960801     29.883942     28.985801     28.576744      9.608006
      0.962120     29.947064     29.045685     28.635970      9.621200
      0.963439     30.010199     29.105569     28.695195      9.634386
      0.964756     30.073346     29.165454     28.754421      9.647562
      0.966073     30.136507     29.225338     28.813646      9.660729
      0.967389     30.199680     29.285223     28.872872      9.673887
      0.968704     30.262866     29.345107     28.932097      9.687037
      0.970018     30.326065     29.404992     28.991323      9.700177
      0.971331     30.389277     29.464876     29.050548      9.713309
      0.972643     30.452502     29.524760     29.109774      9.726431
      0.973955     30.515740     29.584645     29.168999      9.739545
      0.975265     30.578991     29.644529     29.228224      9.752650
      0.976575     30.642255     29.704414     29.287450      9.765746
      0.977883     30.705532     29.764298     29.346675      9.778834
      0.979191     30.768823     29.824183     29.405901      9.791913
      0.980498     30.832127     29.884067     29.465126      9.804983
      0.981804     30.895444     29.943951     29.524352      9.818044
      0.983110     30.958774     30.003836     29.583577      9.831096
      0.984414     31.022118     30.063720     29.642803      9.844140
      0.985718     31.085475     30.123605     29.702028      9.857176
      0.987020     31.148846     30.183489     29.761254      9.870202
      0.988322     31.212230     30.243374     29.820479      9.883220
      0.989623     31.275628     30.303258     29.879705      9.896230
      0.990923     31.339039     30.363143     29.938930      9.909231
      0.992222     31.402463     30.423027     29.998156      9.922223
      0.993521     31.465902     30.482911     30.057381      9.935207
      0.994818     31.529354     30.542796     30.116606      9.948183
      0.996115     31.592820     30.602680     30.175832      9.961150
      0.997411     31.656299     30.662565     30.235057      9.974108
      0.998706     31.719793     30.722449     30.294283      9.987058
      1.000000     31.783300     30.782334     30.353508     10.000000
