  Omega0      e0        e1        e2       e11       e22       e33        ai      delta0  
   1.00000   1.00000   0.90000   0.80000   0.00000   0.00000   0.00000   0.10000  -0.10000
      Tau        exp. factor        v1             v2             v3         exp. ratio   
      0.577350      0.100000      1.319349      1.403659      1.521697      1.000000
      0.612781      0.104050      1.328601      1.408891      1.520425      1.040505
      0.648212      0.108024      1.336951      1.413584      1.519295      1.080236
      0.683643      0.111925      1.344526      1.417817      1.518282      1.119249
      0.719074      0.115759      1.351427      1.421655      1.517371      1.157594
      0.754505      0.119531      1.357743      1.425151      1.516546      1.195314
      0.789936      0.123245      1.363543      1.428348      1.515796      1.232448
      0.825367      0.126903      1.368889      1.431283      1.515112      1.269030
      0.860798      0.130509      1.373831      1.433987      1.514484      1.305093
      0.896229      0.134066      1.378415      1.436486      1.513906      1.340664
      0.931660      0.137577      1.382677      1.438803      1.513372      1.375769
      0.967091      0.141043      1.386651      1.440957      1.512878      1.410432
      1.002522      0.144467      1.390364      1.442964      1.512419      1.444674
      1.037953      0.147851      1.393841      1.444839      1.511992      1.478515
      1.073384      0.151197      1.397105      1.446595      1.511593      1.511973
      1.108815      0.154506      1.400174      1.448243      1.511220      1.545064
      1.144246      0.157781      1.403066      1.449792      1.510870      1.577805
      1.179677      0.161021      1.405794      1.451251      1.510541      1.610210
      1.215108      0.164229      1.408373      1.452627      1.510232      1.642292
      1.250539      0.167406      1.410815      1.453928      1.509940      1.674064
      1.285970      0.170554      1.413130      1.455160      1.509664      1.705537
      1.321401      0.173672      1.415328      1.456327      1.509403      1.736722
      1.356832      0.176763      1.417417      1.457435      1.509156      1.767629
      1.392263      0.179827      1.419406      1.458488      1.508922      1.798269
      1.427694      0.182865      1.421301      1.459491      1.508699      1.828650
      1.463125      0.185878      1.423109      1.460446      1.508487      1.858780
      1.498556      0.188867      1.424836      1.461357      1.508286      1.888669
      1.533987      0.191832      1.426487      1.462227      1.508093      1.918322
      1.569418      0.194775      1.428067      1.463059      1.507909      1.947749
      1.604849      0.197695      1.429580      1.463855      1.507734      1.976954
      1.640280      0.200595      1.431032      1.464617      1.507566      2.005945
      1.675711      0.203473      1.432424      1.465348      1.507405      2.034729
      1.711142      0.206331      1.433762      1.466049      1.507251      2.063310
      1.746573      0.209169      1.435047      1.466723      1.507103      2.091695
      1.782004      0.211989      1.436284      1.467370      1.506962      2.119888
      1.817435      0.214789      1.437474      1.467992      1.506825      2.147895
      1.852866      0.217572      1.438621      1.468592      1.506694      2.175721
      1.888297      0.220337      1.439726      1.469169      1.506568      2.203369
      1.923728      0.223085      1.440792      1.469725      1.506446      2.230846
      1.959159      0.225815      1.441822      1.470262      1.506329      2.258154
      1.994590      0.228530      1.442816      1.470780      1.506216      2.285298
      2.030021      0.231228      1.443776      1.471280      1.506108      2.312282
      2.065452      0.233911      1.444705      1.471763      1.506002      2.339109
      2.100883      0.236578      1.445604      1.472231      1.505901      2.365784
      2.136314      0.239231      1.446474      1.472683      1.505802      2.392308
      2.171745      0.241869      1.447317      1.473121      1.505707      2.418687
      2.207176      0.244492      1.448133      1.473545      1.505615      2.444922
      2.242607      0.247102      1.448925      1.473955      1.505526      2.471018
      2.278038      0.249698      1.449692      1.474353      1.505440      2.496976
      2.313469      0.252280      1.450437      1.474740      1.505357      2.522800
      2.348900      0.254849      1.451161      1.475114      1.505275      2.548493
      2.384331      0.257406      1.451863      1.475478      1.505197      2.574057
      2.419762      0.259949      1.452546      1.475831      1.505120      2.599494
      2.455193      0.262481      1.453209      1.476175      1.505046      2.624808
      2.490624      0.265000      1.453854      1.476508      1.504974      2.650000
      2.526055      0.267507      1.454482      1.476833      1.504904      2.675073
      2.561486      0.270003      1.455093      1.477148      1.504836      2.700029
      2.596917      0.272487      1.455687      1.477455      1.504770      2.724870
      2.632348      0.274960      1.456266      1.477754      1.504706      2.749599
      2.667779      0.277422      1.456830      1.478045      1.504643      2.774216
      2.703210      0.279873      1.457380      1.478329      1.504582      2.798725
      2.738641      0.282313      1.457916      1.478605      1.504522      2.823128
      2.774072      0.284742      1.458439      1.478875      1.504465      2.847425
      2.809503      0.287162      1.458948      1.479137      1.504408      2.871619
      2.844934      0.289571      1.459446      1.479394      1.504353      2.895711
      2.880365      0.291970      1.459931      1.479644      1.504299      2.919704
      2.915796      0.294360      1.460405      1.479888      1.504247      2.943598
      2.951227      0.296740      1.460868      1.480126      1.504196      2.967396
      2.986658      0.299110      1.461321      1.480359      1.504146      2.991099
      3.022089      0.301471      1.461763      1.480586      1.504097      3.014708
      3.057520      0.303823      1.462194      1.480808      1.504050      3.038225
      3.092951      0.306165      1.462617      1.481025      1.504003      3.061652
      3.128382      0.308499      1.463030      1.481237      1.503958      3.084989
      3.163813      0.310824      1.463434      1.481445      1.503913      3.108238
      3.199244      0.313140      1.463829      1.481648      1.503870      3.131401
      3.234675      0.315448      1.464216      1.481846      1.503827      3.154478
      3.270106      0.317747      1.464594      1.482041      1.503786      3.177471
      3.305537      0.320038      1.464965      1.482231      1.503745      3.200382
      3.340968      0.322321      1.465328      1.482417      1.503705      3.223210
      3.376399      0.324596      1.465683      1.482600      1.503666      3.245958
      3.411830      0.326863      1.466032      1.482778      1.503628      3.268627
      3.447261      0.329122      1.466373      1.482953      1.503591      3.291217
      3.482692      0.331373      1.466707      1.483125      1.503554      3.313730
      3.518123      0.333617      1.467035      1.483293      1.503518      3.336167
      3.553554      0.335853      1.467357      1.483458      1.503483      3.358529
      3.588985      0.338082      1.467672      1.483619      1.503448      3.380816
      3.624416      0.340303      1.467981      1.483777      1.503415      3.403030
      3.659847      0.342517      1.468285      1.483933      1.503382      3.425172
      3.695278      0.344724      1.468583      1.484085      1.503349      3.447243
      3.730709      0.346924      1.468875      1.484235      1.503317      3.469243
      3.766140      0.349117      1.469162      1.484382      1.503286      3.491173
      3.801571      0.351304      1.469443      1.484526      1.503255      3.513035
      3.837002      0.353483      1.469720      1.484667      1.503225      3.534829
      3.872433      0.355656      1.469991      1.484806      1.503196      3.556556
      3.907864      0.357822      1.470258      1.484942      1.503166      3.578217
      3.943295      0.359981      1.470520      1.485076      1.503138      3.599813
      3.978726      0.362134      1.470777      1.485208      1.503110      3.621344
      4.014157      0.364281      1.471030      1.485337      1.503082      3.642811
      4.049588      0.366422      1.471279      1.485464      1.503055      3.664215
      4.085019      0.368556      1.471523      1.485589      1.503029      3.685557
      4.120450      0.370684      1.471763      1.485712      1.503003      3.706837
      4.155881      0.372806      1.472000      1.485832      1.502977      3.728057
      4.191312      0.374922      1.472232      1.485951      1.502952      3.749216
      4.226743      0.377032      1.472460      1.486068      1.502927      3.770315
      4.262174      0.379136      1.472685      1.486182      1.502903      3.791356
      4.297605      0.381234      1.472906      1.486295      1.502879      3.812338
      4.333036      0.383326      1.473124      1.486406      1.502855      3.833263
      4.368467      0.385413      1.473338      1.486516      1.502832      3.854131
      4.403898      0.387494      1.473549      1.486623      1.502809      3.874942
      4.439329      0.389570      1.473756      1.486729      1.502787      3.895698
      4.474760      0.391640      1.473960      1.486833      1.502765      3.916399
      4.510191      0.393705      1.474161      1.486936      1.502743      3.937045
      4.545622      0.395764      1.474359      1.487037      1.502721      3.957637
      4.581053      0.397818      1.474554      1.487136      1.502700      3.978176
      4.616484      0.399866      1.474746      1.487234      1.502680      3.998662
      4.651915      0.401910      1.474935      1.487330      1.502659      4.019095
      4.687346      0.403948      1.475122      1.487425      1.502639      4.039477
      4.722777      0.405981      1.475305      1.487519      1.502619      4.059807
      4.758208      0.408009      1.475486      1.487611      1.502600      4.080087
      4.793639      0.410032      1.475664      1.487702      1.502580      4.100316
      4.829070      0.412050      1.475840      1.487791      1.502561      4.120495
      4.864501      0.414063      1.476013      1.487880      1.502543      4.140626
      4.899932      0.416071      1.476184      1.487967      1.502524      4.160707
      4.935363      0.418074      1.476352      1.488052      1.502506      4.180740
      4.970794      0.420073      1.476518      1.488137      1.502488      4.200725
      5.006225      0.422066      1.476682      1.488220      1.502471      4.220663
      5.041656      0.424055      1.476843      1.488302      1.502453      4.240554
      5.077087      0.426040      1.477002      1.488383      1.502436      4.260398
      5.112518      0.428020      1.477159      1.488463      1.502419      4.280196
      5.147949      0.429995      1.477314      1.488542      1.502402      4.299948
      5.183380      0.431966      1.477467      1.488620      1.502386      4.319656
      5.218811      0.433932      1.477617      1.488696      1.502370      4.339318
      5.254242      0.435894      1.477766      1.488772      1.502354      4.358936
      5.289673      0.437851      1.477913      1.488847      1.502338      4.378510
      5.325104      0.439804      1.478058      1.488920      1.502322      4.398040
      5.360535      0.441753      1.478201      1.488993      1.502307      4.417527
      5.395966      0.443697      1.478342      1.489065      1.502292      4.436971
      5.431397      0.445637      1.478481      1.489135      1.502277      4.456372
      5.466828      0.447573      1.478618      1.489205      1.502262      4.475732
      5.502259      0.449505      1.478754      1.489274      1.502248      4.495049
      5.537690      0.451433      1.478888      1.489343      1.502233      4.514325
      5.573121      0.453356      1.479020      1.489410      1.502219      4.533560
      5.608552      0.455275      1.479151      1.489476      1.502205      4.552755
      5.643983      0.457191      1.479280      1.489542      1.502191      4.571909
      5.679414      0.459102      1.479408      1.489607      1.502177      4.591023
      5.714845      0.461010      1.479534      1.489671      1.502164      4.610097
      5.750276      0.462913      1.479658      1.489734      1.502150      4.629132
      5.785707      0.464813      1.479781      1.489796      1.502137      4.648128
      5.821138      0.466708      1.479902      1.489858      1.502124      4.667085
      5.856569      0.468600      1.480022      1.489919      1.502111      4.686003
      5.892000      0.470488      1.480141      1.489979      1.502099      4.704884
      5.927431      0.472373      1.480258      1.490039      1.502086      4.723727
      5.962862      0.474253      1.480374      1.490097      1.502074      4.742532
      5.998293      0.476130      1.480488      1.490156      1.502061      4.761300
      6.033724      0.478003      1.480601      1.490213      1.502049      4.780031
      6.069155      0.479873      1.480713      1.490270      1.502037      4.798725
      6.104586      0.481738      1.480824      1.490326      1.502025      4.817384
      6.140017      0.483601      1.480933      1.490381      1.502014      4.836006
      6.175448      0.485459      1.481041      1.490436      1.502002      4.854592
      6.210879      0.487314      1.481148      1.490490      1.501991      4.873143
      6.246310      0.489166      1.481253      1.490544      1.501979      4.891658
      6.281741      0.491014      1.481358      1.490597      1.501968      4.910139
      6.317172      0.492858      1.481461      1.490649      1.501957      4.928585
      6.352603      0.494700      1.481563      1.490701      1.501946      4.946996
      6.388034      0.496537      1.481664      1.490752      1.501936      4.965373
      6.423465      0.498372      1.481764      1.490803      1.501925      4.983716
      6.458896      0.500203      1.481863      1.490853      1.501914      5.002026
      6.494327      0.502030      1.481961      1.490903      1.501904      5.020302
      6.529758      0.503855      1.482057      1.490952      1.501893      5.038545
      6.565189      0.505675      1.482153      1.491000      1.501883      5.056755
      6.600620      0.507493      1.482248      1.491049      1.501873      5.074932
      6.636051      0.509308      1.482341      1.491096      1.501863      5.093077
      6.671482      0.511119      1.482434      1.491143      1.501853      5.111189
      6.706913      0.512927      1.482526      1.491190      1.501843      5.129270
      6.742344      0.514732      1.482616      1.491236      1.501834      5.147318
      6.777775      0.516534      1.482706      1.491281      1.501824      5.165335
      6.813206      0.518332      1.482795      1.491326      1.501815      5.183321
      6.848637      0.520128      1.482883      1.491371      1.501805      5.201275
      6.884068      0.521920      1.482970      1.491415      1.501796      5.219199
      6.919499      0.523709      1.483057      1.491459      1.501787      5.237092
      6.954930      0.525495      1.483142      1.491502      1.501778      5.254954
      6.990361      0.527279      1.483226      1.491545      1.501769      5.272786
      7.025792      0.529059      1.483310      1.491587      1.501760      5.290588
      7.061223      0.530836      1.483393      1.491629      1.501751      5.308360
      7.096654      0.532610      1.483475      1.491671      1.501742      5.326102
      7.132085      0.534382      1.483556      1.491712      1.501733      5.343815
      7.167516      0.536150      1.483636      1.491753      1.501725      5.361499
      7.202947      0.537915      1.483716      1.491793      1.501716      5.379153
      7.238378      0.539678      1.483795      1.491833      1.501708      5.396778
      7.273809      0.541438      1.483873      1.491872      1.501700      5.414375
      7.309240      0.543194      1.483950      1.491912      1.501691      5.431943
      7.344671      0.544948      1.484027      1.491950      1.501683      5.449483
      7.380102      0.546699      1.484103      1.491989      1.501675      5.466995
      7.415533      0.548448      1.484178      1.492027      1.501667      5.484478
      7.450964      0.550193      1.484252      1.492065      1.501659      5.501934
      7.486395      0.551936      1.484326      1.492102      1.501651      5.519362
      7.521826      0.553676      1.484399      1.492139      1.501643      5.536763
      7.557257      0.555414      1.484472      1.492176      1.501636      5.554136
      7.592688      0.557148      1.484543      1.492212      1.501628      5.571483
      7.628119      0.558880      1.484614      1.492248      1.501621      5.588802
      7.663550      0.560609      1.484685      1.492284      1.501613      5.606095
      7.698981      0.562336      1.484755      1.492319      1.501606      5.623360
      7.734412      0.564060      1.484824      1.492354      1.501598      5.640600
      7.769843      0.565781      1.484892      1.492389      1.501591      5.657813
      7.805274      0.567500      1.484960      1.492423      1.501584      5.675000
      7.840705      0.569216      1.485027      1.492457      1.501577      5.692161
      7.876136      0.570930      1.485094      1.492491      1.501569      5.709296
      7.911567      0.572641      1.485160      1.492524      1.501562      5.726405
      7.946998      0.574349      1.485226      1.492558      1.501555      5.743489
      7.982429      0.576055      1.485291      1.492590      1.501549      5.760548
      8.017860      0.577758      1.485355      1.492623      1.501542      5.777581
      8.053291      0.579459      1.485419      1.492655      1.501535      5.794590
      8.088722      0.581157      1.485482      1.492687      1.501528      5.811573
      8.124153      0.582853      1.485545      1.492719      1.501521      5.828531
      8.159584      0.584547      1.485607      1.492751      1.501515      5.845465
      8.195015      0.586237      1.485669      1.492782      1.501508      5.862375
      8.230446      0.587926      1.485730      1.492813      1.501502      5.879260
      8.265877      0.589612      1.485790      1.492843      1.501495      5.896121
      8.301308      0.591296      1.485850      1.492874      1.501489      5.912958
      8.336739      0.592977      1.485910      1.492904      1.501483      5.929771
      8.372170      0.594656      1.485969      1.492934      1.501476      5.946560
      8.407601      0.596333      1.486027      1.492963      1.501470      5.963325
      8.443032      0.598007      1.486086      1.492993      1.501464      5.980067
      8.478463      0.599679      1.486143      1.493022      1.501458      5.996785
      8.513894      0.601348      1.486200      1.493051      1.501452      6.013481
      8.549325      0.603015      1.486257      1.493079      1.501446      6.030153
      8.584756      0.604680      1.486313      1.493108      1.501440      6.046802
      8.620187      0.606343      1.486369      1.493136      1.501434      6.063428
      8.655618      0.608003      1.486424      1.493164      1.501428      6.080031
      8.691049      0.609661      1.486479      1.493192      1.501422      6.096612
      8.726480      0.611317      1.486533      1.493219      1.501416      6.113170
      8.761911      0.612971      1.486587      1.493247      1.501411      6.129706
      8.797342      0.614622      1.486641      1.493274      1.501405      6.146220
      8.832773      0.616271      1.486694      1.493301      1.501399      6.162711
      8.868204      0.617918      1.486747      1.493327      1.501394      6.179180
      8.903635      0.619563      1.486799      1.493354      1.501388      6.195628
      8.939066      0.621205      1.486851      1.493380      1.501383      6.212053
      8.974497      0.622846      1.486902      1.493406      1.501377      6.228457
      9.009928      0.624484      1.486953      1.493432      1.501372      6.244840
      9.045359      0.626120      1.487004      1.493457      1.501366      6.261201
      9.080790      0.627754      1.487054      1.493483      1.501361      6.277540
      9.116221      0.629386      1.487104      1.493508      1.501356      6.293859
      9.151652      0.631016      1.487154      1.493533      1.501350      6.310156
      9.187083      0.632643      1.487203      1.493558      1.501345      6.326432
      9.222514      0.634269      1.487252      1.493582      1.501340      6.342687
      9.257945      0.635892      1.487300      1.493607      1.501335      6.358922
      9.293376      0.637514      1.487348      1.493631      1.501330      6.375136
      9.328807      0.639133      1.487396      1.493655      1.501325      6.391329
      9.364238      0.640750      1.487443      1.493679      1.501320      6.407501
      9.399669      0.642365      1.487490      1.493703      1.501315      6.423654
      9.435100      0.643979      1.487536      1.493726      1.501310      6.439786
      9.470531      0.645590      1.487583      1.493750      1.501305      6.455898
      9.505962      0.647199      1.487629      1.493773      1.501300      6.471989
      9.541393      0.648806      1.487674      1.493796      1.501295      6.488061
      9.576824      0.650411      1.487719      1.493819      1.501290      6.504113
      9.612255      0.652015      1.487764      1.493842      1.501286      6.520145
      9.647686      0.653616      1.487809      1.493864      1.501281      6.536158
      9.683117      0.655215      1.487853      1.493886      1.501276      6.552151
      9.718548      0.656812      1.487897      1.493909      1.501272      6.568124
      9.753979      0.658408      1.487941      1.493931      1.501267      6.584078
      9.789410      0.660001      1.487984      1.493953      1.501262      6.600013
      9.824841      0.661593      1.488027      1.493974      1.501258      6.615928
      9.860272      0.663182      1.488070      1.493996      1.501253      6.631824
      9.895703      0.664770      1.488112      1.494017      1.501249      6.647702
      9.931134      0.666356      1.488154      1.494039      1.501244      6.663560
      9.966565      0.667940      1.488196      1.494060      1.501240      6.679399
     10.001996      0.669522      1.488237      1.494081      1.501236      6.695220
     10.037427      0.671102      1.488279      1.494101      1.501231      6.711022
     10.072858      0.672681      1.488319      1.494122      1.501227      6.726806
     10.108289      0.674257      1.488360      1.494143      1.501223      6.742571
     10.143720      0.675832      1.488400      1.494163      1.501218      6.758317
     10.179151      0.677405      1.488440      1.494183      1.501214      6.774046
     10.214582      0.678976      1.488480      1.494203      1.501210      6.789756
     10.250013      0.680545      1.488520      1.494223      1.501206      6.805448
     10.285444      0.682112      1.488559      1.494243      1.501202      6.821121
     10.320875      0.683678      1.488598      1.494263      1.501197      6.836777
     10.356306      0.685242      1.488637      1.494282      1.501193      6.852415
     10.391737      0.686804      1.488675      1.494302      1.501189      6.868035
     10.427168      0.688364      1.488713      1.494321      1.501185      6.883638
     10.462599      0.689922      1.488751      1.494340      1.501181      6.899222
     10.498030      0.691479      1.488789      1.494359      1.501177      6.914789
     10.533461      0.693034      1.488826      1.494378      1.501173      6.930339
     10.568892      0.694587      1.488864      1.494397      1.501169      6.945871
     10.604323      0.696139      1.488901      1.494416      1.501165      6.961386
     10.639754      0.697688      1.488937      1.494434      1.501161      6.976884
     10.675185      0.699236      1.488974      1.494453      1.501158      6.992364
     10.710616      0.700783      1.489010      1.494471      1.501154      7.007827
     10.746047      0.702327      1.489046      1.494489      1.501150      7.023273
     10.781478      0.703870      1.489082      1.494507      1.501146      7.038703
     10.816909      0.705411      1.489117      1.494525      1.501142      7.054115
     10.852340      0.706951      1.489152      1.494543      1.501139      7.069510
     10.887771      0.708489      1.489187      1.494560      1.501135      7.084889
     10.923202      0.710025      1.489222      1.494578      1.501131      7.100251
     10.958633      0.711560      1.489257      1.494595      1.501128      7.115597
     10.994064      0.713093      1.489291      1.494613      1.501124      7.130926
     11.029495      0.714624      1.489325      1.494630      1.501120      7.146238
     11.064926      0.716153      1.489359      1.494647      1.501117      7.161535
     11.100357      0.717681      1.489393      1.494664      1.501113      7.176814
     11.135788      0.719208      1.489427      1.494681      1.501110      7.192078
     11.171219      0.720733      1.489460      1.494698      1.501106      7.207325
     11.206650      0.722256      1.489493      1.494715      1.501103      7.222557
     11.242081      0.723777      1.489526      1.494731      1.501099      7.237772
     11.277512      0.725297      1.489558      1.494748      1.501096      7.252971
     11.312943      0.726815      1.489591      1.494764      1.501092      7.268154
     11.348374      0.728332      1.489623      1.494780      1.501089      7.283322
     11.383805      0.729847      1.489655      1.494797      1.501085      7.298474
     11.419236      0.731361      1.489687      1.494813      1.501082      7.313610
     11.454667      0.732873      1.489719      1.494829      1.501079      7.328730
     11.490098      0.734383      1.489750      1.494845      1.501075      7.343835
     11.525529      0.735892      1.489782      1.494860      1.501072      7.358924
     11.560960      0.737400      1.489813      1.494876      1.501069      7.373998
     11.596391      0.738906      1.489844      1.494892      1.501066      7.389056
     11.631822      0.740410      1.489874      1.494907      1.501062      7.404099
     11.667253      0.741913      1.489905      1.494923      1.501059      7.419127
     11.702684      0.743414      1.489935      1.494938      1.501056      7.434140
     11.738115      0.744914      1.489965      1.494953      1.501053      7.449137
     11.773546      0.746412      1.489995      1.494968      1.501050      7.464120
     11.808977      0.747909      1.490025      1.494983      1.501046      7.479087
     11.844408      0.749404      1.490055      1.494998      1.501043      7.494040
     11.879839      0.750898      1.490084      1.495013      1.501040      7.508977
     11.915270      0.752390      1.490114      1.495028      1.501037      7.523900
     11.950701      0.753881      1.490143      1.495043      1.501034      7.538808
     11.986132      0.755370      1.490172      1.495057      1.501031      7.553701
     12.021563      0.756858      1.490201      1.495072      1.501028      7.568579
     12.056994      0.758344      1.490229      1.495086      1.501025      7.583443
     12.092425      0.759829      1.490258      1.495101      1.501022      7.598293
     12.127856      0.761313      1.490286      1.495115      1.501019      7.613127
     12.163287      0.762795      1.490314      1.495129      1.501016      7.627948
     12.198718      0.764275      1.490342      1.495143      1.501013      7.642754
     12.234149      0.765755      1.490370      1.495157      1.501010      7.657546
     12.269580      0.767232      1.490397      1.495171      1.501007      7.672323
     12.305011      0.768709      1.490425      1.495185      1.501004      7.687086
     12.340442      0.770184      1.490452      1.495199      1.501001      7.701835
     12.375873      0.771657      1.490479      1.495212      1.500998      7.716570
     12.411304      0.773129      1.490506      1.495226      1.500996      7.731291
     12.446735      0.774600      1.490533      1.495240      1.500993      7.745998
     12.482166      0.776069      1.490560      1.495253      1.500990      7.760691
     12.517597      0.777537      1.490586      1.495266      1.500987      7.775370
     12.553028      0.779004      1.490613      1.495280      1.500984      7.790035
     12.588459      0.780469      1.490639      1.495293      1.500982      7.804686
     12.623890      0.781932      1.490665      1.495306      1.500979      7.819324
     12.659321      0.783395      1.490691      1.495319      1.500976      7.833948
     12.694752      0.784856      1.490717      1.495332      1.500973      7.848558
     12.730183      0.786316      1.490743      1.495345      1.500971      7.863155
     12.765614      0.787774      1.490768      1.495358      1.500968      7.877738
     12.801045      0.789231      1.490794      1.495371      1.500965      7.892308
     12.836476      0.790686      1.490819      1.495384      1.500963      7.906864
     12.871907      0.792141      1.490844      1.495396      1.500960      7.921407
     12.907338      0.793594      1.490869      1.495409      1.500957      7.935937
     12.942769      0.795045      1.490894      1.495421      1.500955      7.950453
     12.978200      0.796496      1.490918      1.495434      1.500952      7.964956
     13.013631      0.797945      1.490943      1.495446      1.500949      7.979446
     13.049062      0.799392      1.490967      1.495459      1.500947      7.993923
     13.084493      0.800839      1.490992      1.495471      1.500944      8.008386
     13.119924      0.802284      1.491016      1.495483      1.500942      8.022837
     13.155355      0.803727      1.491040      1.495495      1.500939      8.037274
     13.190786      0.805170      1.491064      1.495507      1.500937      8.051699
     13.226217      0.806611      1.491088      1.495519      1.500934      8.066111
     13.261648      0.808051      1.491111      1.495531      1.500932      8.080509
     13.297079      0.809490      1.491135      1.495543      1.500929      8.094895
     13.332510      0.810927      1.491158      1.495555      1.500927      8.109269
     13.367941      0.812363      1.491182      1.495567      1.500924      8.123629
     13.403372      0.813798      1.491205      1.495578      1.500922      8.137977
     13.438803      0.815231      1.491228      1.495590      1.500919      8.152312
     13.474234      0.816663      1.491251      1.495602      1.500917      8.166635
     13.509665      0.818094      1.491274      1.495613      1.500915      8.180945
     13.545096      0.819524      1.491296      1.495624      1.500912      8.195242
     13.580527      0.820953      1.491319      1.495636      1.500910      8.209528
     13.615958      0.822380      1.491341      1.495647      1.500907      8.223800
     13.651389      0.823806      1.491364      1.495658      1.500905      8.238060
     13.686820      0.825231      1.491386      1.495670      1.500903      8.252308
     13.722251      0.826654      1.491408      1.495681      1.500900      8.266544
     13.757682      0.828077      1.491430      1.495692      1.500898      8.280767
     13.793113      0.829498      1.491452      1.495703      1.500896      8.294979
     13.828544      0.830918      1.491474      1.495714      1.500893      8.309178
     13.863975      0.832336      1.491495      1.495725      1.500891      8.323365
     13.899406      0.833754      1.491517      1.495736      1.500889      8.337540
     13.934837      0.835170      1.491538      1.495747      1.500887      8.351702
     13.970268      0.836585      1.491560      1.495757      1.500884      8.365853
     14.005699      0.837999      1.491581      1.495768      1.500882      8.379992
     14.041130      0.839412      1.491602      1.495779      1.500880      8.394119
     14.076561      0.840823      1.491623      1.495789      1.500878      8.408234
     14.111992      0.842234      1.491644      1.495800      1.500876      8.422337
     14.147423      0.843643      1.491665      1.495810      1.500873      8.436429
     14.182854      0.845051      1.491686      1.495821      1.500871      8.450508
     14.218285      0.846458      1.491706      1.495831      1.500869      8.464576
     14.253716      0.847863      1.491727      1.495841      1.500867      8.478633
     14.289147      0.849268      1.491747      1.495852      1.500865      8.492677
     14.324578      0.850671      1.491767      1.495862      1.500863      8.506710
     14.360009      0.852073      1.491788      1.495872      1.500860      8.520732
     14.395440      0.853474      1.491808      1.495882      1.500858      8.534742
     14.430871      0.854874      1.491828      1.495892      1.500856      8.548740
     14.466302      0.856273      1.491848      1.495902      1.500854      8.562727
     14.501733      0.857670      1.491867      1.495912      1.500852      8.576703
     14.537164      0.859067      1.491887      1.495922      1.500850      8.590667
     14.572595      0.860462      1.491907      1.495932      1.500848      8.604620
     14.608026      0.861856      1.491926      1.495942      1.500846      8.618561
     14.643457      0.863249      1.491946      1.495952      1.500844      8.632491
     14.678888      0.864641      1.491965      1.495962      1.500842      8.646411
     14.714319      0.866032      1.491984      1.495971      1.500840      8.660318
     14.749750      0.867422      1.492003      1.495981      1.500838      8.674215
     14.785181      0.868810      1.492022      1.495990      1.500836      8.688101
     14.820612      0.870198      1.492041      1.496000      1.500834      8.701975
     14.856043      0.871584      1.492060      1.496010      1.500832      8.715839
     14.891474      0.872969      1.492079      1.496019      1.500830      8.729691
     14.926905      0.874353      1.492098      1.496028      1.500828      8.743532
     14.962336      0.875736      1.492116      1.496038      1.500826      8.757363
     14.997767      0.877118      1.492135      1.496047      1.500824      8.771183
     15.033198      0.878499      1.492153      1.496056      1.500822      8.784991
     15.068629      0.879879      1.492172      1.496066      1.500820      8.798789
     15.104060      0.881258      1.492190      1.496075      1.500818      8.812576
     15.139491      0.882635      1.492208      1.496084      1.500816      8.826352
     15.174922      0.884012      1.492226      1.496093      1.500814      8.840118
     15.210353      0.885387      1.492244      1.496102      1.500812      8.853873
     15.245784      0.886762      1.492262      1.496111      1.500810      8.867617
     15.281215      0.888135      1.492280      1.496120      1.500808      8.881350
     15.316646      0.889507      1.492298      1.496129      1.500807      8.895073
     15.352077      0.890879      1.492316      1.496138      1.500805      8.908786
     15.387508      0.892249      1.492333      1.496147      1.500803      8.922487
     15.422939      0.893618      1.492351      1.496156      1.500801      8.936179
     15.458370      0.894986      1.492368      1.496165      1.500799      8.949859
     15.493801      0.896353      1.492385      1.496173      1.500797      8.963530
     15.529232      0.897719      1.492403      1.496182      1.500796      8.977190
     15.564663      0.899084      1.492420      1.496191      1.500794      8.990839
     15.600094      0.900448      1.492437      1.496199      1.500792      9.004478
     15.635525      0.901811      1.492454      1.496208      1.500790      9.018107
     15.670956      0.903173      1.492471      1.496217      1.500788      9.031726
     15.706387      0.904533      1.492488      1.496225      1.500787      9.045334
     15.741818      0.905893      1.492505      1.496234      1.500785      9.058932
     15.777249      0.907252      1.492522      1.496242      1.500783      9.072520
     15.812680      0.908610      1.492538      1.496250      1.500781      9.086098
     15.848111      0.909967      1.492555      1.496259      1.500780      9.099665
     15.883542      0.911322      1.492571      1.496267      1.500778      9.113223
     15.918973      0.912677      1.492588      1.496275      1.500776      9.126770
     15.954404      0.914031      1.492604      1.496284      1.500774      9.140307
     15.989835      0.915383      1.492621      1.496292      1.500773      9.153835
     16.025266      0.916735      1.492637      1.496300      1.500771      9.167352
     16.060697      0.918086      1.492653      1.496308      1.500769      9.180859
     16.096128      0.919436      1.492669      1.496316      1.500768      9.194357
     16.131559      0.920784      1.492685      1.496324      1.500766      9.207844
     16.166990      0.922132      1.492701      1.496332      1.500764      9.221322
     16.202421      0.923479      1.492717      1.496340      1.500763      9.234790
     16.237852      0.924825      1.492733      1.496348      1.500761      9.248248
     16.273283      0.926170      1.492748      1.496356      1.500759      9.261696
     16.308714      0.927513      1.492764      1.496364      1.500758      9.275135
     16.344145      0.928856      1.492780      1.496372      1.500756      9.288563
     16.379576      0.930198      1.492795      1.496380      1.500754      9.301982
     16.415007      0.931539      1.492811      1.496388      1.500753      9.315392
     16.450438      0.932879      1.492826      1.496395      1.500751      9.328792
     16.485869      0.934218      1.492842      1.496403      1.500749      9.342182
     16.521300      0.935556      1.492857      1.496411      1.500748      9.355562
     16.556731      0.936893      1.492872      1.496418      1.500746      9.368933
     16.592162      0.938229      1.492887      1.496426      1.500745      9.382295
     16.627593      0.939565      1.492902      1.496434      1.500743      9.395647
     16.663024      0.940899      1.492917      1.496441      1.500741      9.408989
     16.698455      0.942232      1.492932      1.496449      1.500740      9.422322
     16.733886      0.943565      1.492947      1.496456      1.500738      9.435646
     16.769317      0.944896      1.492962      1.496464      1.500737      9.448960
     16.804748      0.946226      1.492977      1.496471      1.500735      9.462264
     16.840179      0.947556      1.492991      1.496479      1.500734      9.475560
     16.875610      0.948885      1.493006      1.496486      1.500732      9.488846
     16.911041      0.950212      1.493021      1.496493      1.500731      9.502123
     16.946472      0.951539      1.493035      1.496501      1.500729      9.515390
     16.981903      0.952865      1.493050      1.496508      1.500727      9.528649
     17.017334      0.954190      1.493064      1.496515      1.500726      9.541898
     17.052765      0.955514      1.493078      1.496522      1.500724      9.555138
     17.088196      0.956837      1.493093      1.496530      1.500723      9.568368
     17.123627      0.958159      1.493107      1.496537      1.500721      9.581590
     17.159058      0.959480      1.493121      1.496544      1.500720      9.594803
     17.194489      0.960801      1.493135      1.496551      1.500718      9.608006
     17.229920      0.962120      1.493149      1.496558      1.500717      9.621200
     17.265351      0.963439      1.493163      1.496565      1.500716      9.634386
     17.300782      0.964756      1.493177      1.496572      1.500714      9.647562
     17.336213      0.966073      1.493191      1.496579      1.500713      9.660729
     17.371644      0.967389      1.493205      1.496586      1.500711      9.673887
     17.407075      0.968704      1.493219      1.496593      1.500710      9.687037
     17.442506      0.970018      1.493232      1.496600      1.500708      9.700177
     17.477937      0.971331      1.493246      1.496607      1.500707      9.713309
     17.513368      0.972643      1.493260      1.496614      1.500705      9.726431
     17.548799      0.973955      1.493273      1.496620      1.500704      9.739545
     17.584230      0.975265      1.493287      1.496627      1.500703      9.752650
     17.619661      0.976575      1.493300      1.496634      1.500701      9.765746
     17.655092      0.977883      1.493313      1.496641      1.500700      9.778834
     17.690523      0.979191      1.493327      1.496648      1.500698      9.791913
     17.725954      0.980498      1.493340      1.496654      1.500697      9.804983
     17.761385      0.981804      1.493353      1.496661      1.500696      9.818044
     17.796816      0.983110      1.493366      1.496667      1.500694      9.831096
     17.832247      0.984414      1.493380      1.496674      1.500693      9.844140
     17.867678      0.985718      1.493393      1.496681      1.500691      9.857176
     17.903109      0.987020      1.493406      1.496687      1.500690      9.870202
     17.938540      0.988322      1.493419      1.496694      1.500689      9.883220
     17.973971      0.989623      1.493432      1.496700      1.500687      9.896230
     18.009402      0.990923      1.493444      1.496707      1.500686      9.909231
     18.044833      0.992222      1.493457      1.496713      1.500685      9.922223
     18.080264      0.993521      1.493470      1.496720      1.500683      9.935207
     18.115695      0.994818      1.493483      1.496726      1.500682      9.948183
     18.151126      0.996115      1.493495      1.496732      1.500681      9.961150
     18.186557      0.997411      1.493508      1.496739      1.500679      9.974108
     18.221988      0.998706      1.493521      1.496745      1.500678      9.987058
     18.257419      1.000000      1.493533      1.496751      1.500677     10.000000
