  Omega0      e0        e1        e2       e11       e22       e33        ai      delta0  
   1.00000   1.00000   0.90000   0.80000   0.00000   0.00000   0.00000   0.10000  -0.29310
      Tau        exp. factor        v1             v2             v3         exp. ratio   
      0.577350      0.100000      1.375411      1.474521      1.613280      1.000000
      0.612781      0.104050      1.382048      1.475970      1.606266      1.040505
      0.648212      0.108024      1.388014      1.477264      1.600070      1.080236
      0.683643      0.111925      1.393405      1.478425      1.594557      1.119249
      0.719074      0.115759      1.398301      1.479474      1.589620      1.157594
      0.754505      0.119531      1.402767      1.480425      1.585172      1.195314
      0.789936      0.123245      1.406858      1.481292      1.581145      1.232448
      0.825367      0.126903      1.410618      1.482086      1.577482      1.269030
      0.860798      0.130509      1.414086      1.482815      1.574135      1.305093
      0.896229      0.134066      1.417295      1.483487      1.571065      1.340664
      0.931660      0.137577      1.420273      1.484108      1.568240      1.375769
      0.967091      0.141043      1.423045      1.484684      1.565630      1.410432
      1.002522      0.144467      1.425629      1.485220      1.563213      1.444674
      1.037953      0.147851      1.428046      1.485720      1.560968      1.478515
      1.073384      0.151197      1.430311      1.486187      1.558876      1.511973
      1.108815      0.154506      1.432438      1.486624      1.556924      1.545064
      1.144246      0.157781      1.434438      1.487035      1.555096      1.577805
      1.179677      0.161021      1.436324      1.487421      1.553382      1.610210
      1.215108      0.164229      1.438104      1.487785      1.551772      1.642292
      1.250539      0.167406      1.439787      1.488128      1.550256      1.674064
      1.285970      0.170554      1.441381      1.488453      1.548826      1.705537
      1.321401      0.173672      1.442893      1.488760      1.547476      1.736722
      1.356832      0.176763      1.444329      1.489051      1.546198      1.767629
      1.392263      0.179827      1.445695      1.489328      1.544987      1.798269
      1.427694      0.182865      1.446995      1.489591      1.543838      1.828650
      1.463125      0.185878      1.448234      1.489841      1.542746      1.858780
      1.498556      0.188867      1.449417      1.490080      1.541707      1.888669
      1.533987      0.191832      1.450546      1.490308      1.540718      1.918322
      1.569418      0.194775      1.451627      1.490525      1.539774      1.947749
      1.604849      0.197695      1.452661      1.490733      1.538873      1.976954
      1.640280      0.200595      1.453652      1.490932      1.538012      2.005945
      1.675711      0.203473      1.454602      1.491123      1.537189      2.034729
      1.711142      0.206331      1.455514      1.491305      1.536400      2.063310
      1.746573      0.209169      1.456391      1.491481      1.535644      2.091695
      1.782004      0.211989      1.457233      1.491649      1.534919      2.119888
      1.817435      0.214789      1.458043      1.491811      1.534223      2.147895
      1.852866      0.217572      1.458824      1.491967      1.533554      2.175721
      1.888297      0.220337      1.459576      1.492117      1.532910      2.203369
      1.923728      0.223085      1.460300      1.492261      1.532291      2.230846
      1.959159      0.225815      1.461000      1.492400      1.531695      2.258154
      1.994590      0.228530      1.461675      1.492535      1.531120      2.285298
      2.030021      0.231228      1.462327      1.492664      1.530566      2.312282
      2.065452      0.233911      1.462957      1.492790      1.530031      2.339109
      2.100883      0.236578      1.463567      1.492911      1.529514      2.365784
      2.136314      0.239231      1.464156      1.493028      1.529016      2.392308
      2.171745      0.241869      1.464727      1.493141      1.528533      2.418687
      2.207176      0.244492      1.465281      1.493251      1.528067      2.444922
      2.242607      0.247102      1.465817      1.493357      1.527615      2.471018
      2.278038      0.249698      1.466336      1.493460      1.527178      2.496976
      2.313469      0.252280      1.466841      1.493559      1.526754      2.522800
      2.348900      0.254849      1.467330      1.493656      1.526343      2.548493
      2.384331      0.257406      1.467805      1.493750      1.525945      2.574057
      2.419762      0.259949      1.468266      1.493841      1.525559      2.599494
      2.455193      0.262481      1.468715      1.493930      1.525184      2.624808
      2.490624      0.265000      1.469151      1.494016      1.524820      2.650000
      2.526055      0.267507      1.469575      1.494099      1.524466      2.675073
      2.561486      0.270003      1.469987      1.494181      1.524122      2.700029
      2.596917      0.272487      1.470388      1.494260      1.523788      2.724870
      2.632348      0.274960      1.470779      1.494337      1.523462      2.749599
      2.667779      0.277422      1.471160      1.494412      1.523146      2.774216
      2.703210      0.279873      1.471531      1.494484      1.522838      2.798725
      2.738641      0.282313      1.471892      1.494556      1.522538      2.823128
      2.774072      0.284742      1.472244      1.494625      1.522246      2.847425
      2.809503      0.287162      1.472588      1.494692      1.521961      2.871619
      2.844934      0.289571      1.472923      1.494758      1.521684      2.895711
      2.880365      0.291970      1.473250      1.494823      1.521413      2.919704
      2.915796      0.294360      1.473570      1.494885      1.521149      2.943598
      2.951227      0.296740      1.473881      1.494946      1.520892      2.967396
      2.986658      0.299110      1.474186      1.495006      1.520641      2.991099
      3.022089      0.301471      1.474484      1.495065      1.520395      3.014708
      3.057520      0.303823      1.474774      1.495122      1.520156      3.038225
      3.092951      0.306165      1.475058      1.495177      1.519922      3.061652
      3.128382      0.308499      1.475336      1.495232      1.519693      3.084989
      3.163813      0.310824      1.475608      1.495285      1.519470      3.108238
      3.199244      0.313140      1.475874      1.495337      1.519252      3.131401
      3.234675      0.315448      1.476134      1.495388      1.519038      3.154478
      3.270106      0.317747      1.476388      1.495438      1.518829      3.177471
      3.305537      0.320038      1.476637      1.495486      1.518625      3.200382
      3.340968      0.322321      1.476881      1.495534      1.518425      3.223210
      3.376399      0.324596      1.477120      1.495581      1.518229      3.245958
      3.411830      0.326863      1.477354      1.495627      1.518038      3.268627
      3.447261      0.329122      1.477584      1.495672      1.517850      3.291217
      3.482692      0.331373      1.477808      1.495715      1.517666      3.313730
      3.518123      0.333617      1.478028      1.495758      1.517486      3.336167
      3.553554      0.335853      1.478244      1.495801      1.517310      3.358529
      3.588985      0.338082      1.478456      1.495842      1.517137      3.380816
      3.624416      0.340303      1.478664      1.495883      1.516968      3.403030
      3.659847      0.342517      1.478867      1.495922      1.516802      3.425172
      3.695278      0.344724      1.479067      1.495961      1.516639      3.447243
      3.730709      0.346924      1.479263      1.496000      1.516479      3.469243
      3.766140      0.349117      1.479456      1.496037      1.516322      3.491173
      3.801571      0.351304      1.479644      1.496074      1.516168      3.513035
      3.837002      0.353483      1.479830      1.496110      1.516018      3.534829
      3.872433      0.355656      1.480012      1.496146      1.515869      3.556556
      3.907864      0.357822      1.480191      1.496180      1.515724      3.578217
      3.943295      0.359981      1.480366      1.496215      1.515581      3.599813
      3.978726      0.362134      1.480539      1.496248      1.515441      3.621344
      4.014157      0.364281      1.480709      1.496281      1.515303      3.642811
      4.049588      0.366422      1.480875      1.496314      1.515168      3.664215
      4.085019      0.368556      1.481039      1.496346      1.515035      3.685557
      4.120450      0.370684      1.481200      1.496377      1.514905      3.706837
      4.155881      0.372806      1.481358      1.496408      1.514776      3.728057
      4.191312      0.374922      1.481514      1.496438      1.514650      3.749216
      4.226743      0.377032      1.481667      1.496468      1.514526      3.770315
      4.262174      0.379136      1.481818      1.496497      1.514404      3.791356
      4.297605      0.381234      1.481966      1.496526      1.514284      3.812338
      4.333036      0.383326      1.482111      1.496554      1.514167      3.833263
      4.368467      0.385413      1.482255      1.496582      1.514051      3.854131
      4.403898      0.387494      1.482396      1.496610      1.513937      3.874942
      4.439329      0.389570      1.482535      1.496637      1.513824      3.895698
      4.474760      0.391640      1.482671      1.496663      1.513714      3.916399
      4.510191      0.393705      1.482806      1.496689      1.513605      3.937045
      4.545622      0.395764      1.482938      1.496715      1.513498      3.957637
      4.581053      0.397818      1.483069      1.496740      1.513393      3.978176
      4.616484      0.399866      1.483197      1.496765      1.513289      3.998662
      4.651915      0.401910      1.483324      1.496790      1.513187      4.019095
      4.687346      0.403948      1.483449      1.496814      1.513086      4.039477
      4.722777      0.405981      1.483571      1.496838      1.512987      4.059807
      4.758208      0.408009      1.483692      1.496862      1.512890      4.080087
      4.793639      0.410032      1.483812      1.496885      1.512794      4.100316
      4.829070      0.412050      1.483929      1.496908      1.512699      4.120495
      4.864501      0.414063      1.484045      1.496930      1.512606      4.140626
      4.899932      0.416071      1.484159      1.496952      1.512514      4.160707
      4.935363      0.418074      1.484272      1.496974      1.512423      4.180740
      4.970794      0.420073      1.484383      1.496996      1.512334      4.200725
      5.006225      0.422066      1.484492      1.497017      1.512246      4.220663
      5.041656      0.424055      1.484600      1.497038      1.512159      4.240554
      5.077087      0.426040      1.484706      1.497058      1.512074      4.260398
      5.112518      0.428020      1.484811      1.497079      1.511989      4.280196
      5.147949      0.429995      1.484915      1.497099      1.511906      4.299948
      5.183380      0.431966      1.485017      1.497119      1.511824      4.319656
      5.218811      0.433932      1.485117      1.497138      1.511743      4.339318
      5.254242      0.435894      1.485217      1.497157      1.511663      4.358936
      5.289673      0.437851      1.485315      1.497176      1.511585      4.378510
      5.325104      0.439804      1.485412      1.497195      1.511507      4.398040
      5.360535      0.441753      1.485507      1.497214      1.511430      4.417527
      5.395966      0.443697      1.485601      1.497232      1.511355      4.436971
      5.431397      0.445637      1.485694      1.497250      1.511280      4.456372
      5.466828      0.447573      1.485786      1.497268      1.511207      4.475732
      5.502259      0.449505      1.485877      1.497285      1.511134      4.495049
      5.537690      0.451433      1.485966      1.497303      1.511062      4.514325
      5.573121      0.453356      1.486055      1.497320      1.510991      4.533560
      5.608552      0.455275      1.486142      1.497337      1.510921      4.552755
      5.643983      0.457191      1.486228      1.497353      1.510852      4.571909
      5.679414      0.459102      1.486313      1.497370      1.510784      4.591023
      5.714845      0.461010      1.486397      1.497386      1.510717      4.610097
      5.750276      0.462913      1.486481      1.497402      1.510650      4.629132
      5.785707      0.464813      1.486563      1.497418      1.510585      4.648128
      5.821138      0.466708      1.486644      1.497434      1.510520      4.667085
      5.856569      0.468600      1.486724      1.497449      1.510456      4.686003
      5.892000      0.470488      1.486803      1.497464      1.510392      4.704884
      5.927431      0.472373      1.486881      1.497480      1.510330      4.723727
      5.962862      0.474253      1.486958      1.497495      1.510268      4.742532
      5.998293      0.476130      1.487035      1.497509      1.510207      4.761300
      6.033724      0.478003      1.487110      1.497524      1.510147      4.780031
      6.069155      0.479873      1.487185      1.497538      1.510087      4.798725
      6.104586      0.481738      1.487259      1.497553      1.510028      4.817384
      6.140017      0.483601      1.487331      1.497567      1.509970      4.836006
      6.175448      0.485459      1.487404      1.497581      1.509912      4.854592
      6.210879      0.487314      1.487475      1.497594      1.509855      4.873143
      6.246310      0.489166      1.487545      1.497608      1.509799      4.891658
      6.281741      0.491014      1.487615      1.497622      1.509743      4.910139
      6.317172      0.492858      1.487684      1.497635      1.509688      4.928585
      6.352603      0.494700      1.487752      1.497648      1.509634      4.946996
      6.388034      0.496537      1.487819      1.497661      1.509580      4.965373
      6.423465      0.498372      1.487886      1.497674      1.509527      4.983716
      6.458896      0.500203      1.487952      1.497687      1.509474      5.002026
      6.494327      0.502030      1.488017      1.497699      1.509422      5.020302
      6.529758      0.503855      1.488082      1.497712      1.509371      5.038545
      6.565189      0.505675      1.488145      1.497724      1.509320      5.056755
      6.600620      0.507493      1.488209      1.497736      1.509270      5.074932
      6.636051      0.509308      1.488271      1.497748      1.509220      5.093077
      6.671482      0.511119      1.488333      1.497760      1.509171      5.111189
      6.706913      0.512927      1.488394      1.497772      1.509122      5.129270
      6.742344      0.514732      1.488454      1.497784      1.509074      5.147318
      6.777775      0.516534      1.488514      1.497795      1.509026      5.165335
      6.813206      0.518332      1.488574      1.497807      1.508979      5.183321
      6.848637      0.520128      1.488632      1.497818      1.508932      5.201275
      6.884068      0.521920      1.488690      1.497829      1.508886      5.219199
      6.919499      0.523709      1.488748      1.497840      1.508840      5.237092
      6.954930      0.525495      1.488805      1.497851      1.508795      5.254954
      6.990361      0.527279      1.488861      1.497862      1.508750      5.272786
      7.025792      0.529059      1.488917      1.497873      1.508705      5.290588
      7.061223      0.530836      1.488972      1.497884      1.508662      5.308360
      7.096654      0.532610      1.489027      1.497894      1.508618      5.326102
      7.132085      0.534382      1.489081      1.497905      1.508575      5.343815
      7.167516      0.536150      1.489134      1.497915      1.508532      5.361499
      7.202947      0.537915      1.489187      1.497925      1.508490      5.379153
      7.238378      0.539678      1.489240      1.497935      1.508448      5.396778
      7.273809      0.541438      1.489292      1.497945      1.508407      5.414375
      7.309240      0.543194      1.489344      1.497955      1.508366      5.431943
      7.344671      0.544948      1.489395      1.497965      1.508325      5.449483
      7.380102      0.546699      1.489445      1.497975      1.508285      5.466995
      7.415533      0.548448      1.489495      1.497985      1.508245      5.484478
      7.450964      0.550193      1.489545      1.497994      1.508206      5.501934
      7.486395      0.551936      1.489594      1.498004      1.508167      5.519362
      7.521826      0.553676      1.489643      1.498013      1.508128      5.536763
      7.557257      0.555414      1.489691      1.498022      1.508090      5.554136
      7.592688      0.557148      1.489739      1.498032      1.508052      5.571483
      7.628119      0.558880      1.489786      1.498041      1.508014      5.588802
      7.663550      0.560609      1.489833      1.498050      1.507977      5.606095
      7.698981      0.562336      1.489879      1.498059      1.507940      5.623360
      7.734412      0.564060      1.489925      1.498068      1.507904      5.640600
      7.769843      0.565781      1.489971      1.498076      1.507867      5.657813
      7.805274      0.567500      1.490016      1.498085      1.507832      5.675000
      7.840705      0.569216      1.490061      1.498094      1.507796      5.692161
      7.876136      0.570930      1.490106      1.498102      1.507761      5.709296
      7.911567      0.572641      1.490150      1.498111      1.507726      5.726405
      7.946998      0.574349      1.490193      1.498119      1.507691      5.743489
      7.982429      0.576055      1.490236      1.498128      1.507657      5.760548
      8.017860      0.577758      1.490279      1.498136      1.507623      5.777581
      8.053291      0.579459      1.490322      1.498144      1.507589      5.794590
      8.088722      0.581157      1.490364      1.498152      1.507556      5.811573
      8.124153      0.582853      1.490406      1.498160      1.507523      5.828531
      8.159584      0.584547      1.490447      1.498168      1.507490      5.845465
      8.195015      0.586237      1.490488      1.498176      1.507457      5.862375
      8.230446      0.587926      1.490529      1.498184      1.507425      5.879260
      8.265877      0.589612      1.490569      1.498192      1.507393      5.896121
      8.301308      0.591296      1.490609      1.498199      1.507361      5.912958
      8.336739      0.592977      1.490649      1.498207      1.507330      5.929771
      8.372170      0.594656      1.490688      1.498215      1.507299      5.946560
      8.407601      0.596333      1.490727      1.498222      1.507268      5.963325
      8.443032      0.598007      1.490766      1.498230      1.507237      5.980067
      8.478463      0.599679      1.490804      1.498237      1.507207      5.996785
      8.513894      0.601348      1.490842      1.498244      1.507177      6.013481
      8.549325      0.603015      1.490880      1.498252      1.507147      6.030153
      8.584756      0.604680      1.490917      1.498259      1.507117      6.046802
      8.620187      0.606343      1.490954      1.498266      1.507088      6.063428
      8.655618      0.608003      1.490991      1.498273      1.507059      6.080031
      8.691049      0.609661      1.491028      1.498280      1.507030      6.096612
      8.726480      0.611317      1.491064      1.498287      1.507001      6.113170
      8.761911      0.612971      1.491100      1.498294      1.506973      6.129706
      8.797342      0.614622      1.491136      1.498301      1.506944      6.146220
      8.832773      0.616271      1.491171      1.498308      1.506916      6.162711
      8.868204      0.617918      1.491206      1.498314      1.506889      6.179180
      8.903635      0.619563      1.491241      1.498321      1.506861      6.195628
      8.939066      0.621205      1.491275      1.498328      1.506834      6.212053
      8.974497      0.622846      1.491309      1.498334      1.506807      6.228457
      9.009928      0.624484      1.491343      1.498341      1.506780      6.244840
      9.045359      0.626120      1.491377      1.498347      1.506753      6.261201
      9.080790      0.627754      1.491411      1.498354      1.506727      6.277540
      9.116221      0.629386      1.491444      1.498360      1.506700      6.293859
      9.151652      0.631016      1.491477      1.498367      1.506674      6.310156
      9.187083      0.632643      1.491509      1.498373      1.506648      6.326432
      9.222514      0.634269      1.491542      1.498379      1.506623      6.342687
      9.257945      0.635892      1.491574      1.498385      1.506597      6.358922
      9.293376      0.637514      1.491606      1.498391      1.506572      6.375136
      9.328807      0.639133      1.491638      1.498398      1.506547      6.391329
      9.364238      0.640750      1.491669      1.498404      1.506522      6.407501
      9.399669      0.642365      1.491700      1.498410      1.506497      6.423654
      9.435100      0.643979      1.491731      1.498416      1.506473      6.439786
      9.470531      0.645590      1.491762      1.498422      1.506449      6.455898
      9.505962      0.647199      1.491793      1.498427      1.506424      6.471989
      9.541393      0.648806      1.491823      1.498433      1.506400      6.488061
      9.576824      0.650411      1.491853      1.498439      1.506377      6.504113
      9.612255      0.652015      1.491883      1.498445      1.506353      6.520145
      9.647686      0.653616      1.491913      1.498450      1.506330      6.536158
      9.683117      0.655215      1.491942      1.498456      1.506306      6.552151
      9.718548      0.656812      1.491971      1.498462      1.506283      6.568124
      9.753979      0.658408      1.492000      1.498467      1.506260      6.584078
      9.789410      0.660001      1.492029      1.498473      1.506238      6.600013
      9.824841      0.661593      1.492058      1.498478      1.506215      6.615928
      9.860272      0.663182      1.492086      1.498484      1.506193      6.631824
      9.895703      0.664770      1.492114      1.498489      1.506170      6.647702
      9.931134      0.666356      1.492142      1.498495      1.506148      6.663560
      9.966565      0.667940      1.492170      1.498500      1.506126      6.679399
     10.001996      0.669522      1.492198      1.498505      1.506105      6.695220
     10.037427      0.671102      1.492225      1.498511      1.506083      6.711022
     10.072858      0.672681      1.492252      1.498516      1.506061      6.726806
     10.108289      0.674257      1.492279      1.498521      1.506040      6.742571
     10.143720      0.675832      1.492306      1.498526      1.506019      6.758317
     10.179151      0.677405      1.492333      1.498531      1.505998      6.774046
     10.214582      0.678976      1.492359      1.498536      1.505977      6.789756
     10.250013      0.680545      1.492385      1.498541      1.505956      6.805448
     10.285444      0.682112      1.492412      1.498546      1.505936      6.821121
     10.320875      0.683678      1.492437      1.498551      1.505915      6.836777
     10.356306      0.685242      1.492463      1.498556      1.505895      6.852415
     10.391737      0.686804      1.492489      1.498561      1.505875      6.868035
     10.427168      0.688364      1.492514      1.498566      1.505855      6.883638
     10.462599      0.689922      1.492539      1.498571      1.505835      6.899222
     10.498030      0.691479      1.492564      1.498576      1.505815      6.914789
     10.533461      0.693034      1.492589      1.498581      1.505795      6.930339
     10.568892      0.694587      1.492614      1.498585      1.505776      6.945871
     10.604323      0.696139      1.492639      1.498590      1.505756      6.961386
     10.639754      0.697688      1.492663      1.498595      1.505737      6.976884
     10.675185      0.699236      1.492687      1.498599      1.505718      6.992364
     10.710616      0.700783      1.492711      1.498604      1.505699      7.007827
     10.746047      0.702327      1.492735      1.498609      1.505680      7.023273
     10.781478      0.703870      1.492759      1.498613      1.505662      7.038703
     10.816909      0.705411      1.492783      1.498618      1.505643      7.054115
     10.852340      0.706951      1.492806      1.498622      1.505624      7.069510
     10.887771      0.708489      1.492829      1.498627      1.505606      7.084889
     10.923202      0.710025      1.492852      1.498631      1.505588      7.100251
     10.958633      0.711560      1.492875      1.498636      1.505570      7.115597
     10.994064      0.713093      1.492898      1.498640      1.505552      7.130926
     11.029495      0.714624      1.492921      1.498644      1.505534      7.146238
     11.064926      0.716153      1.492944      1.498649      1.505516      7.161535
     11.100357      0.717681      1.492966      1.498653      1.505498      7.176814
     11.135788      0.719208      1.492988      1.498657      1.505481      7.192078
     11.171219      0.720733      1.493010      1.498662      1.505463      7.207325
     11.206650      0.722256      1.493032      1.498666      1.505446      7.222557
     11.242081      0.723777      1.493054      1.498670      1.505429      7.237772
     11.277512      0.725297      1.493076      1.498674      1.505412      7.252971
     11.312943      0.726815      1.493098      1.498678      1.505395      7.268154
     11.348374      0.728332      1.493119      1.498683      1.505378      7.283322
     11.383805      0.729847      1.493140      1.498687      1.505361      7.298474
     11.419236      0.731361      1.493162      1.498691      1.505344      7.313610
     11.454667      0.732873      1.493183      1.498695      1.505328      7.328730
     11.490098      0.734383      1.493204      1.498699      1.505311      7.343835
     11.525529      0.735892      1.493224      1.498703      1.505295      7.358924
     11.560960      0.737400      1.493245      1.498707      1.505278      7.373998
     11.596391      0.738906      1.493266      1.498711      1.505262      7.389056
     11.631822      0.740410      1.493286      1.498715      1.505246      7.404099
     11.667253      0.741913      1.493306      1.498718      1.505230      7.419127
     11.702684      0.743414      1.493327      1.498722      1.505214      7.434140
     11.738115      0.744914      1.493348      1.498726      1.505199      7.449137
     11.773546      0.746412      1.493371      1.498730      1.505183      7.464120
     11.808977      0.747909      1.493394      1.498734      1.505167      7.479087
     11.844408      0.749404      1.493418      1.498738      1.505152      7.494040
     11.879839      0.750898      1.493443      1.498741      1.505136      7.508977
     11.915270      0.752390      1.493469      1.498745      1.505121      7.523900
     11.950701      0.753881      1.493496      1.498749      1.505106      7.538808
     11.986132      0.755370      1.493524      1.498753      1.505091      7.553701
     12.021563      0.756858      1.493552      1.498756      1.505076      7.568579
     12.056994      0.758344      1.493581      1.498760      1.505061      7.583443
     12.092425      0.759829      1.493611      1.498764      1.505046      7.598293
     12.127856      0.761313      1.493642      1.498767      1.505031      7.613127
     12.163287      0.762795      1.493674      1.498771      1.505016      7.627948
     12.198718      0.764275      1.493707      1.498774      1.505002      7.642754
     12.234149      0.765755      1.493740      1.498778      1.504987      7.657546
     12.269580      0.767232      1.493774      1.498781      1.504973      7.672323
     12.305011      0.768709      1.493809      1.498785      1.504958      7.687086
     12.340442      0.770184      1.493845      1.498788      1.504944      7.701835
     12.375873      0.771657      1.493881      1.498792      1.504930      7.716570
     12.411304      0.773129      1.493918      1.498795      1.504916      7.731291
     12.446735      0.774600      1.493956      1.498799      1.504902      7.745998
     12.482166      0.776069      1.493995      1.498802      1.504888      7.760691
     12.517597      0.777537      1.494034      1.498805      1.504874      7.775370
     12.553028      0.779004      1.494074      1.498809      1.504860      7.790035
     12.588459      0.780469      1.494115      1.498812      1.504846      7.804686
     12.623890      0.781932      1.494157      1.498816      1.504833      7.819324
     12.659321      0.783395      1.494199      1.498819      1.504819      7.833948
     12.694752      0.784856      1.494242      1.498822      1.504806      7.848558
     12.730183      0.786316      1.494286      1.498825      1.504792      7.863155
     12.765614      0.787774      1.494330      1.498829      1.504779      7.877738
     12.801045      0.789231      1.494375      1.498832      1.504765      7.892308
     12.836476      0.790686      1.494421      1.498835      1.504752      7.906864
     12.871907      0.792141      1.494467      1.498838      1.504739      7.921407
     12.907338      0.793594      1.494514      1.498842      1.504726      7.935937
     12.942769      0.795045      1.494562      1.498845      1.504713      7.950453
     12.978200      0.796496      1.494610      1.498848      1.504700      7.964956
     13.013631      0.797945      1.494659      1.498851      1.504687      7.979446
     13.049062      0.799392      1.494709      1.498854      1.504675      7.993923
     13.084493      0.800839      1.494759      1.498857      1.504662      8.008386
     13.119924      0.802284      1.494810      1.498860      1.504649      8.022837
     13.155355      0.803727      1.494862      1.498863      1.504637      8.037274
     13.190786      0.805170      1.494914      1.498866      1.504624      8.051699
     13.226217      0.806611      1.494966      1.498869      1.504612      8.066111
     13.261648      0.808051      1.495020      1.498872      1.504599      8.080509
     13.297079      0.809490      1.495074      1.498875      1.504587      8.094895
     13.332510      0.810927      1.495128      1.498878      1.504575      8.109269
     13.367941      0.812363      1.495184      1.498881      1.504563      8.123629
     13.403372      0.813798      1.495239      1.498884      1.504551      8.137977
     13.438803      0.815231      1.495296      1.498887      1.504539      8.152312
     13.474234      0.816663      1.495353      1.498890      1.504527      8.166635
     13.509665      0.818094      1.495410      1.498893      1.504515      8.180945
     13.545096      0.819524      1.495468      1.498896      1.504503      8.195242
     13.580527      0.820953      1.495527      1.498899      1.504491      8.209528
     13.615958      0.822380      1.495586      1.498902      1.504479      8.223800
     13.651389      0.823806      1.495646      1.498905      1.504468      8.238060
     13.686820      0.825231      1.495706      1.498907      1.504456      8.252308
     13.722251      0.826654      1.495767      1.498910      1.504445      8.266544
     13.757682      0.828077      1.495828      1.498913      1.504433      8.280767
     13.793113      0.829498      1.495890      1.498916      1.504422      8.294979
     13.828544      0.830918      1.495952      1.498919      1.504410      8.309178
     13.863975      0.832336      1.496015      1.498921      1.504399      8.323365
     13.899406      0.833754      1.496079      1.498924      1.504388      8.337540
     13.934837      0.835170      1.496143      1.498927      1.504377      8.351702
     13.970268      0.836585      1.496207      1.498930      1.504365      8.365853
     14.005699      0.837999      1.496272      1.498932      1.504354      8.379992
     14.041130      0.839412      1.496338      1.498935      1.504343      8.394119
     14.076561      0.840823      1.496404      1.498938      1.504332      8.408234
     14.111992      0.842234      1.496470      1.498940      1.504322      8.422337
     14.147423      0.843643      1.496537      1.498943      1.504311      8.436429
     14.182854      0.845051      1.496605      1.498946      1.504300      8.450508
     14.218285      0.846458      1.496673      1.498948      1.504289      8.464576
     14.253716      0.847863      1.496741      1.498951      1.504278      8.478633
     14.289147      0.849268      1.496810      1.498953      1.504268      8.492677
     14.324578      0.850671      1.496880      1.498956      1.504257      8.506710
     14.360009      0.852073      1.496950      1.498959      1.504247      8.520732
     14.395440      0.853474      1.497020      1.498961      1.504236      8.534742
     14.430871      0.854874      1.497091      1.498964      1.504226      8.548740
     14.466302      0.856273      1.497162      1.498966      1.504215      8.562727
     14.501733      0.857670      1.497234      1.498969      1.504205      8.576703
     14.537164      0.859067      1.497306      1.498971      1.504195      8.590667
     14.572595      0.860462      1.497379      1.498974      1.504185      8.604620
     14.608026      0.861856      1.497452      1.498976      1.504174      8.618561
     14.643457      0.863249      1.497525      1.498979      1.504164      8.632491
     14.678888      0.864641      1.497599      1.498981      1.504154      8.646411
     14.714319      0.866032      1.497674      1.498984      1.504144      8.660318
     14.749750      0.867422      1.497749      1.498986      1.504134      8.674215
     14.785181      0.868810      1.497824      1.498989      1.504124      8.688101
     14.820612      0.870198      1.497900      1.498991      1.504114      8.701975
     14.856043      0.871584      1.497976      1.498993      1.504104      8.715839
     14.891474      0.872969      1.498053      1.498996      1.504095      8.729691
     14.926905      0.874353      1.498130      1.498998      1.504085      8.743532
     14.962336      0.875736      1.498207      1.499001      1.504075      8.757363
     14.997767      0.877118      1.498285      1.499003      1.504066      8.771183
     15.033198      0.878499      1.498363      1.499005      1.504056      8.784991
     15.068629      0.879879      1.498442      1.499008      1.504046      8.798789
     15.104060      0.881258      1.498521      1.499010      1.504037      8.812576
     15.139491      0.882635      1.498600      1.499012      1.504027      8.826352
     15.174922      0.884012      1.498680      1.499015      1.504018      8.840118
     15.210353      0.885387      1.498760      1.499017      1.504009      8.853873
     15.245784      0.886762      1.498841      1.499019      1.503999      8.867617
     15.281215      0.888135      1.498922      1.499021      1.503990      8.881350
     15.316646      0.889507      1.499004      1.499024      1.503981      8.895073
     15.352077      0.890879      1.499086      1.499026      1.503972      8.908786
     15.387508      0.892249      1.499168      1.499028      1.503962      8.922487
     15.422939      0.893618      1.499250      1.499030      1.503953      8.936179
     15.458370      0.894986      1.499333      1.499033      1.503944      8.949859
     15.493801      0.896353      1.499417      1.499035      1.503935      8.963530
     15.529232      0.897719      1.499500      1.499037      1.503926      8.977190
     15.564663      0.899084      1.499585      1.499039      1.503917      8.990839
     15.600094      0.900448      1.499669      1.499041      1.503908      9.004478
     15.635525      0.901811      1.499754      1.499044      1.503899      9.018107
     15.670956      0.903173      1.499839      1.499046      1.503890      9.031726
     15.706387      0.904533      1.499925      1.499048      1.503882      9.045334
     15.741818      0.905893      1.500011      1.499050      1.503873      9.058932
     15.777249      0.907252      1.500097      1.499052      1.503864      9.072520
     15.812680      0.908610      1.500184      1.499054      1.503856      9.086098
     15.848111      0.909967      1.500271      1.499056      1.503847      9.099665
     15.883542      0.911322      1.500358      1.499058      1.503838      9.113223
     15.918973      0.912677      1.500446      1.499061      1.503830      9.126770
     15.954404      0.914031      1.500534      1.499063      1.503821      9.140307
     15.989835      0.915383      1.500622      1.499065      1.503813      9.153835
     16.025266      0.916735      1.500711      1.499067      1.503804      9.167352
     16.060697      0.918086      1.500800      1.499069      1.503796      9.180859
     16.096128      0.919436      1.500890      1.499071      1.503787      9.194357
     16.131559      0.920784      1.500979      1.499073      1.503779      9.207844
     16.166990      0.922132      1.501069      1.499075      1.503771      9.221322
     16.202421      0.923479      1.501160      1.499077      1.503763      9.234790
     16.237852      0.924825      1.501251      1.499079      1.503754      9.248248
     16.273283      0.926170      1.501342      1.499081      1.503746      9.261696
     16.308714      0.927513      1.501433      1.499083      1.503738      9.275135
     16.344145      0.928856      1.501525      1.499085      1.503730      9.288563
     16.379576      0.930198      1.501617      1.499087      1.503722      9.301982
     16.415007      0.931539      1.501710      1.499089      1.503714      9.315392
     16.450438      0.932879      1.501802      1.499091      1.503706      9.328792
     16.485869      0.934218      1.501895      1.499093      1.503698      9.342182
     16.521300      0.935556      1.501989      1.499095      1.503690      9.355562
     16.556731      0.936893      1.502083      1.499097      1.503682      9.368933
     16.592162      0.938229      1.502177      1.499099      1.503674      9.382295
     16.627593      0.939565      1.502271      1.499101      1.503666      9.395647
     16.663024      0.940899      1.502365      1.499102      1.503658      9.408989
     16.698455      0.942232      1.502460      1.499104      1.503651      9.422322
     16.733886      0.943565      1.502556      1.499106      1.503643      9.435646
     16.769317      0.944896      1.502651      1.499108      1.503635      9.448960
     16.804748      0.946226      1.502747      1.499110      1.503627      9.462264
     16.840179      0.947556      1.502843      1.499112      1.503620      9.475560
     16.875610      0.948885      1.502940      1.499114      1.503612      9.488846
     16.911041      0.950212      1.503037      1.499116      1.503605      9.502123
     16.946472      0.951539      1.503134      1.499117      1.503597      9.515390
     16.981903      0.952865      1.503231      1.499119      1.503589      9.528649
     17.017334      0.954190      1.503329      1.499121      1.503582      9.541898
     17.052765      0.955514      1.503427      1.499123      1.503574      9.555138
     17.088196      0.956837      1.503525      1.499125      1.503567      9.568368
     17.123627      0.958159      1.503623      1.499127      1.503560      9.581590
     17.159058      0.959480      1.503722      1.499128      1.503552      9.594803
     17.194489      0.960801      1.503821      1.499130      1.503545      9.608006
     17.229920      0.962120      1.503921      1.499132      1.503538      9.621200
     17.265351      0.963439      1.504020      1.499134      1.503530      9.634386
     17.300782      0.964756      1.504120      1.499136      1.503523      9.647562
     17.336213      0.966073      1.504221      1.499137      1.503516      9.660729
     17.371644      0.967389      1.504321      1.499139      1.503509      9.673887
     17.407075      0.968704      1.504422      1.499141      1.503502      9.687037
     17.442506      0.970018      1.504523      1.499143      1.503494      9.700177
     17.477937      0.971331      1.504625      1.499144      1.503487      9.713309
     17.513368      0.972643      1.504726      1.499146      1.503480      9.726431
     17.548799      0.973955      1.504828      1.499148      1.503473      9.739545
     17.584230      0.975265      1.504930      1.499149      1.503466      9.752650
     17.619661      0.976575      1.505033      1.499151      1.503459      9.765746
     17.655092      0.977883      1.505136      1.499153      1.503452      9.778834
     17.690523      0.979191      1.505239      1.499155      1.503445      9.791913
     17.725954      0.980498      1.505342      1.499156      1.503438      9.804983
     17.761385      0.981804      1.505446      1.499158      1.503432      9.818044
     17.796816      0.983110      1.505549      1.499160      1.503425      9.831096
     17.832247      0.984414      1.505653      1.499161      1.503418      9.844140
     17.867678      0.985718      1.505758      1.499163      1.503411      9.857176
     17.903109      0.987020      1.505862      1.499165      1.503404      9.870202
     17.938540      0.988322      1.505967      1.499166      1.503398      9.883220
     17.973971      0.989623      1.506072      1.499168      1.503391      9.896230
     18.009402      0.990923      1.506178      1.499170      1.503384      9.909231
     18.044833      0.992222      1.506284      1.499171      1.503378      9.922223
     18.080264      0.993521      1.506389      1.499173      1.503371      9.935207
     18.115695      0.994818      1.506496      1.499174      1.503364      9.948183
     18.151126      0.996115      1.506602      1.499176      1.503358      9.961150
     18.186557      0.997411      1.506709      1.499178      1.503351      9.974108
     18.221988      0.998706      1.506816      1.499179      1.503345      9.987058
     18.257419      1.000000      1.506923      1.499181      1.503338     10.000000
