  Omega0      e0        e1        e2       e11       e22       e33        ai      delta0  
   1.00000   1.00000   0.90000   0.80000   0.00000   0.00000   0.00000   0.10000  -0.87241
      Tau        exp. factor        v1             v2             v3         exp. ratio   
      0.577350      0.100000      1.543594      1.687106      1.888030      1.000000
      0.612781      0.104050      1.541005      1.675025      1.860206      1.040505
      0.648212      0.108024      1.538706      1.664410      1.836106      1.080236
      0.683643      0.111925      1.536651      1.655009      1.815028      1.119249
      0.719074      0.115759      1.534803      1.646624      1.796438      1.157594
      0.754505      0.119531      1.533133      1.639100      1.779920      1.195314
      0.789936      0.123245      1.531615      1.632311      1.765145      1.232448
      0.825367      0.126903      1.530231      1.626154      1.751852      1.269030
      0.860798      0.130509      1.528962      1.620544      1.739828      1.305093
      0.896229      0.134066      1.527796      1.615412      1.728900      1.340664
      0.931660      0.137577      1.526720      1.610699      1.718925      1.375769
      0.967091      0.141043      1.525724      1.606355      1.709782      1.410432
      1.002522      0.144467      1.524800      1.602340      1.701373      1.444674
      1.037953      0.147851      1.523940      1.598617      1.693612      1.478515
      1.073384      0.151197      1.523138      1.595155      1.686427      1.511973
      1.108815      0.154506      1.522387      1.591928      1.679756      1.545064
      1.144246      0.157781      1.521684      1.588913      1.673546      1.577805
      1.179677      0.161021      1.521024      1.586089      1.667750      1.610210
      1.215108      0.164229      1.520402      1.583439      1.662330      1.642292
      1.250539      0.167406      1.519817      1.580948      1.657248      1.674064
      1.285970      0.170554      1.519264      1.578601      1.652475      1.705537
      1.321401      0.173672      1.518741      1.576386      1.647984      1.736722
      1.356832      0.176763      1.518245      1.574292      1.643749      1.767629
      1.392263      0.179827      1.517776      1.572311      1.639750      1.798269
      1.427694      0.182865      1.517329      1.570432      1.635967      1.828650
      1.463125      0.185878      1.516905      1.568648      1.632384      1.858780
      1.498556      0.188867      1.516501      1.566953      1.628985      1.888669
      1.533987      0.191832      1.516116      1.565339      1.625756      1.918322
      1.569418      0.194775      1.515748      1.563801      1.622685      1.947749
      1.604849      0.197695      1.515397      1.562334      1.619760      1.976954
      1.640280      0.200595      1.515061      1.560933      1.616971      2.005945
      1.675711      0.203473      1.514739      1.559593      1.614310      2.034729
      1.711142      0.206331      1.514431      1.558311      1.611766      2.063310
      1.746573      0.209169      1.514136      1.557083      1.609334      2.091695
      1.782004      0.211989      1.513852      1.555906      1.607005      2.119888
      1.817435      0.214789      1.513579      1.554776      1.604773      2.147895
      1.852866      0.217572      1.513318      1.553692      1.602633      2.175721
      1.888297      0.220337      1.513065      1.552649      1.600578      2.203369
      1.923728      0.223085      1.512823      1.551646      1.598604      2.230846
      1.959159      0.225815      1.512589      1.550680      1.596705      2.258154
      1.994590      0.228530      1.512363      1.549750      1.594879      2.285298
      2.030021      0.231228      1.512146      1.548853      1.593120      2.312282
      2.065452      0.233911      1.511936      1.547989      1.591425      2.339109
      2.100883      0.236578      1.511733      1.547154      1.589791      2.365784
      2.136314      0.239231      1.511537      1.546348      1.588214      2.392308
      2.171745      0.241869      1.511347      1.545568      1.586692      2.418687
      2.207176      0.244492      1.511164      1.544815      1.585221      2.444922
      2.242607      0.247102      1.510986      1.544086      1.583800      2.471018
      2.278038      0.249698      1.510814      1.543381      1.582425      2.496976
      2.313469      0.252280      1.510647      1.542697      1.581094      2.522800
      2.348900      0.254849      1.510486      1.542035      1.579806      2.548493
      2.384331      0.257406      1.510329      1.541393      1.578558      2.574057
      2.419762      0.259949      1.510176      1.540771      1.577348      2.599494
      2.455193      0.262481      1.510029      1.540167      1.576175      2.624808
      2.490624      0.265000      1.509885      1.539580      1.575037      2.650000
      2.526055      0.267507      1.509745      1.539011      1.573933      2.675073
      2.561486      0.270003      1.509610      1.538457      1.572861      2.700029
      2.596917      0.272487      1.509478      1.537919      1.571819      2.724870
      2.632348      0.274960      1.509349      1.537396      1.570807      2.749599
      2.667779      0.277422      1.509224      1.536887      1.569823      2.774216
      2.703210      0.279873      1.509103      1.536392      1.568865      2.798725
      2.738641      0.282313      1.508984      1.535910      1.567934      2.823128
      2.774072      0.284742      1.508869      1.535441      1.567028      2.847425
      2.809503      0.287162      1.508756      1.534983      1.566145      2.871619
      2.844934      0.289571      1.508647      1.534537      1.565286      2.895711
      2.880365      0.291970      1.508540      1.534103      1.564448      2.919704
      2.915796      0.294360      1.508435      1.533679      1.563632      2.943598
      2.951227      0.296740      1.508334      1.533266      1.562836      2.967396
      2.986658      0.299110      1.508234      1.532863      1.562059      2.991099
      3.022089      0.301471      1.508137      1.532469      1.561302      3.014708
      3.057520      0.303823      1.508042      1.532085      1.560563      3.038225
      3.092951      0.306165      1.507950      1.531709      1.559842      3.061652
      3.128382      0.308499      1.507859      1.531343      1.559137      3.084989
      3.163813      0.310824      1.507771      1.530985      1.558449      3.108238
      3.199244      0.313140      1.507684      1.530634      1.557777      3.131401
      3.234675      0.315448      1.507600      1.530292      1.557120      3.154478
      3.270106      0.317747      1.507517      1.529957      1.556478      3.177471
      3.305537      0.320038      1.507436      1.529630      1.555850      3.200382
      3.340968      0.322321      1.507357      1.529309      1.555236      3.223210
      3.376399      0.324596      1.507279      1.528996      1.554635      3.245958
      3.411830      0.326863      1.507203      1.528689      1.554047      3.268627
      3.447261      0.329122      1.507129      1.528389      1.553472      3.291217
      3.482692      0.331373      1.507056      1.528094      1.552909      3.313730
      3.518123      0.333617      1.506984      1.527806      1.552357      3.336167
      3.553554      0.335853      1.506915      1.527524      1.551817      3.358529
      3.588985      0.338082      1.506846      1.527247      1.551288      3.380816
      3.624416      0.340303      1.506779      1.526976      1.550770      3.403030
      3.659847      0.342517      1.506713      1.526710      1.550262      3.425172
      3.695278      0.344724      1.506648      1.526450      1.549764      3.447243
      3.730709      0.346924      1.506585      1.526194      1.549276      3.469243
      3.766140      0.349117      1.506523      1.525943      1.548797      3.491173
      3.801571      0.351304      1.506461      1.525697      1.548328      3.513035
      3.837002      0.353483      1.506402      1.525456      1.547867      3.534829
      3.872433      0.355656      1.506343      1.525219      1.547415      3.556556
      3.907864      0.357822      1.506285      1.524987      1.546972      3.578217
      3.943295      0.359981      1.506228      1.524759      1.546537      3.599813
      3.978726      0.362134      1.506173      1.524535      1.546110      3.621344
      4.014157      0.364281      1.506118      1.524314      1.545690      3.642811
      4.049588      0.366422      1.506064      1.524098      1.545278      3.664215
      4.085019      0.368556      1.506011      1.523886      1.544874      3.685557
      4.120450      0.370684      1.505959      1.523677      1.544477      3.706837
      4.155881      0.372806      1.505908      1.523472      1.544086      3.728057
      4.191312      0.374922      1.505858      1.523271      1.543703      3.749216
      4.226743      0.377032      1.505809      1.523073      1.543326      3.770315
      4.262174      0.379136      1.505761      1.522878      1.542955      3.791356
      4.297605      0.381234      1.505713      1.522687      1.542591      3.812338
      4.333036      0.383326      1.505666      1.522498      1.542233      3.833263
      4.368467      0.385413      1.505620      1.522313      1.541881      3.854131
      4.403898      0.387494      1.505574      1.522131      1.541535      3.874942
      4.439329      0.389570      1.505530      1.521952      1.541194      3.895698
      4.474760      0.391640      1.505486      1.521775      1.540859      3.916399
      4.510191      0.393705      1.505443      1.521602      1.540529      3.937045
      4.545622      0.395764      1.505400      1.521431      1.540205      3.957637
      4.581053      0.397818      1.505358      1.521263      1.539886      3.978176
      4.616484      0.399866      1.505317      1.521097      1.539572      3.998662
      4.651915      0.401910      1.505276      1.520935      1.539262      4.019095
      4.687346      0.403948      1.505236      1.520774      1.538958      4.039477
      4.722777      0.405981      1.505197      1.520616      1.538658      4.059807
      4.758208      0.408009      1.505158      1.520461      1.538363      4.080087
      4.793639      0.410032      1.505120      1.520307      1.538072      4.100316
      4.829070      0.412050      1.505082      1.520156      1.537786      4.120495
      4.864501      0.414063      1.505045      1.520007      1.537504      4.140626
      4.899932      0.416071      1.505008      1.519861      1.537226      4.160707
      4.935363      0.418074      1.504972      1.519716      1.536952      4.180740
      4.970794      0.420073      1.504937      1.519574      1.536682      4.200725
      5.006225      0.422066      1.504902      1.519434      1.536416      4.220663
      5.041656      0.424055      1.504867      1.519295      1.536154      4.240554
      5.077087      0.426040      1.504833      1.519159      1.535896      4.260398
      5.112518      0.428020      1.504799      1.519025      1.535641      4.280196
      5.147949      0.429995      1.504766      1.518892      1.535390      4.299948
      5.183380      0.431966      1.504734      1.518761      1.535142      4.319656
      5.218811      0.433932      1.504701      1.518632      1.534898      4.339318
      5.254242      0.435894      1.504669      1.518505      1.534657      4.358936
      5.289673      0.437851      1.504638      1.518380      1.534420      4.378510
      5.325104      0.439804      1.504607      1.518256      1.534186      4.398040
      5.360535      0.441753      1.504577      1.518134      1.533955      4.417527
      5.395966      0.443697      1.504546      1.518013      1.533727      4.436971
      5.431397      0.445637      1.504517      1.517894      1.533502      4.456372
      5.466828      0.447573      1.504487      1.517777      1.533280      4.475732
      5.502259      0.449505      1.504458      1.517661      1.533061      4.495049
      5.537690      0.451433      1.504430      1.517547      1.532845      4.514325
      5.573121      0.453356      1.504402      1.517434      1.532631      4.533560
      5.608552      0.455275      1.504374      1.517323      1.532421      4.552755
      5.643983      0.457191      1.504346      1.517213      1.532213      4.571909
      5.679414      0.459102      1.504319      1.517104      1.532008      4.591023
      5.714845      0.461010      1.504292      1.516997      1.531805      4.610097
      5.750276      0.462913      1.504266      1.516891      1.531605      4.629132
      5.785707      0.464813      1.504239      1.516786      1.531407      4.648128
      5.821138      0.466708      1.504213      1.516683      1.531212      4.667085
      5.856569      0.468600      1.504188      1.516581      1.531019      4.686003
      5.892000      0.470488      1.504163      1.516480      1.530829      4.704884
      5.927431      0.472373      1.504138      1.516380      1.530641      4.723727
      5.962862      0.474253      1.504113      1.516282      1.530455      4.742532
      5.998293      0.476130      1.504089      1.516185      1.530272      4.761300
      6.033724      0.478003      1.504065      1.516089      1.530090      4.780031
      6.069155      0.479873      1.504041      1.515994      1.529911      4.798725
      6.104586      0.481738      1.504017      1.515900      1.529734      4.817384
      6.140017      0.483601      1.503994      1.515807      1.529559      4.836006
      6.175448      0.485459      1.503971      1.515716      1.529386      4.854592
      6.210879      0.487314      1.503948      1.515625      1.529215      4.873143
      6.246310      0.489166      1.503926      1.515536      1.529046      4.891658
      6.281741      0.491014      1.503904      1.515447      1.528879      4.910139
      6.317172      0.492858      1.503882      1.515360      1.528714      4.928585
      6.352603      0.494700      1.503860      1.515273      1.528551      4.946996
      6.388034      0.496537      1.503839      1.515187      1.528390      4.965373
      6.423465      0.498372      1.503817      1.515103      1.528230      4.983716
      6.458896      0.500203      1.503796      1.515019      1.528073      5.002026
      6.494327      0.502030      1.503776      1.514936      1.527917      5.020302
      6.529758      0.503855      1.503755      1.514855      1.527762      5.038545
      6.565189      0.505675      1.503735      1.514774      1.527610      5.056755
      6.600620      0.507493      1.503715      1.514693      1.527459      5.074932
      6.636051      0.509308      1.503695      1.514614      1.527309      5.093077
      6.671482      0.511119      1.503675      1.514536      1.527162      5.111189
      6.706913      0.512927      1.503656      1.514458      1.527016      5.129270
      6.742344      0.514732      1.503636      1.514382      1.526871      5.147318
      6.777775      0.516534      1.503617      1.514306      1.526728      5.165335
      6.813206      0.518332      1.503598      1.514231      1.526587      5.183321
      6.848637      0.520128      1.503580      1.514156      1.526447      5.201275
      6.884068      0.521920      1.503561      1.514083      1.526308      5.219199
      6.919499      0.523709      1.503543      1.514010      1.526171      5.237092
      6.954930      0.525495      1.503525      1.513938      1.526036      5.254954
      6.990361      0.527279      1.503507      1.513867      1.525901      5.272786
      7.025792      0.529059      1.503489      1.513796      1.525768      5.290588
      7.061223      0.530836      1.503472      1.513726      1.525637      5.308360
      7.096654      0.532610      1.503454      1.513657      1.525507      5.326102
      7.132085      0.534382      1.503437      1.513589      1.525378      5.343815
      7.167516      0.536150      1.503420      1.513521      1.525250      5.361499
      7.202947      0.537915      1.503403      1.513454      1.525124      5.379153
      7.238378      0.539678      1.503387      1.513387      1.524999      5.396778
      7.273809      0.541438      1.503370      1.513322      1.524875      5.414375
      7.309240      0.543194      1.503354      1.513256      1.524753      5.431943
      7.344671      0.544948      1.503338      1.513192      1.524631      5.449483
      7.380102      0.546699      1.503321      1.513128      1.524511      5.466995
      7.415533      0.548448      1.503306      1.513065      1.524392      5.484478
      7.450964      0.550193      1.503290      1.513002      1.524274      5.501934
      7.486395      0.551936      1.503274      1.512940      1.524158      5.519362
      7.521826      0.553676      1.503259      1.512879      1.524042      5.536763
      7.557257      0.555414      1.503243      1.512818      1.523927      5.554136
      7.592688      0.557148      1.503228      1.512757      1.523814      5.571483
      7.628119      0.558880      1.503213      1.512698      1.523702      5.588802
      7.663550      0.560609      1.503199      1.512638      1.523590      5.606095
      7.698981      0.562336      1.503187      1.512580      1.523480      5.623360
      7.734412      0.564060      1.503176      1.512522      1.523371      5.640600
      7.769843      0.565781      1.503168      1.512464      1.523263      5.657813
      7.805274      0.567500      1.503162      1.512407      1.523155      5.675000
      7.840705      0.569216      1.503158      1.512350      1.523049      5.692161
      7.876136      0.570930      1.503156      1.512294      1.522944      5.709296
      7.911567      0.572641      1.503156      1.512239      1.522840      5.726405
      7.946998      0.574349      1.503158      1.512184      1.522736      5.743489
      7.982429      0.576055      1.503161      1.512129      1.522634      5.760548
      8.017860      0.577758      1.503167      1.512075      1.522532      5.777581
      8.053291      0.579459      1.503174      1.512022      1.522432      5.794590
      8.088722      0.581157      1.503184      1.511969      1.522332      5.811573
      8.124153      0.582853      1.503195      1.511916      1.522233      5.828531
      8.159584      0.584547      1.503208      1.511864      1.522135      5.845465
      8.195015      0.586237      1.503222      1.511812      1.522038      5.862375
      8.230446      0.587926      1.503238      1.511761      1.521942      5.879260
      8.265877      0.589612      1.503256      1.511710      1.521846      5.896121
      8.301308      0.591296      1.503276      1.511660      1.521752      5.912958
      8.336739      0.592977      1.503297      1.511610      1.521658      5.929771
      8.372170      0.594656      1.503320      1.511560      1.521565      5.946560
      8.407601      0.596333      1.503345      1.511511      1.521473      5.963325
      8.443032      0.598007      1.503371      1.511463      1.521381      5.980067
      8.478463      0.599679      1.503399      1.511414      1.521291      5.996785
      8.513894      0.601348      1.503428      1.511366      1.521201      6.013481
      8.549325      0.603015      1.503459      1.511319      1.521112      6.030153
      8.584756      0.604680      1.503491      1.511272      1.521023      6.046802
      8.620187      0.606343      1.503525      1.511225      1.520936      6.063428
      8.655618      0.608003      1.503560      1.511179      1.520849      6.080031
      8.691049      0.609661      1.503597      1.511133      1.520763      6.096612
      8.726480      0.611317      1.503635      1.511088      1.520677      6.113170
      8.761911      0.612971      1.503674      1.511042      1.520593      6.129706
      8.797342      0.614622      1.503715      1.510998      1.520508      6.146220
      8.832773      0.616271      1.503757      1.510953      1.520425      6.162711
      8.868204      0.617918      1.503801      1.510909      1.520342      6.179180
      8.903635      0.619563      1.503846      1.510865      1.520260      6.195628
      8.939066      0.621205      1.503892      1.510822      1.520179      6.212053
      8.974497      0.622846      1.503940      1.510779      1.520098      6.228457
      9.009928      0.624484      1.503989      1.510736      1.520018      6.244840
      9.045359      0.626120      1.504039      1.510694      1.519939      6.261201
      9.080790      0.627754      1.504090      1.510652      1.519860      6.277540
      9.116221      0.629386      1.504143      1.510610      1.519782      6.293859
      9.151652      0.631016      1.504197      1.510569      1.519704      6.310156
      9.187083      0.632643      1.504252      1.510528      1.519627      6.326432
      9.222514      0.634269      1.504308      1.510487      1.519551      6.342687
      9.257945      0.635892      1.504366      1.510447      1.519475      6.358922
      9.293376      0.637514      1.504425      1.510407      1.519400      6.375136
      9.328807      0.639133      1.504485      1.510367      1.519325      6.391329
      9.364238      0.640750      1.504546      1.510327      1.519251      6.407501
      9.399669      0.642365      1.504608      1.510288      1.519177      6.423654
      9.435100      0.643979      1.504671      1.510249      1.519105      6.439786
      9.470531      0.645590      1.504736      1.510211      1.519032      6.455898
      9.505962      0.647199      1.504801      1.510172      1.518960      6.471989
      9.541393      0.648806      1.504868      1.510134      1.518889      6.488061
      9.576824      0.650411      1.504935      1.510096      1.518818      6.504113
      9.612255      0.652015      1.505004      1.510059      1.518748      6.520145
      9.647686      0.653616      1.505074      1.510022      1.518678      6.536158
      9.683117      0.655215      1.505145      1.509985      1.518609      6.552151
      9.718548      0.656812      1.505217      1.509948      1.518540      6.568124
      9.753979      0.658408      1.505290      1.509912      1.518472      6.584078
      9.789410      0.660001      1.505364      1.509876      1.518405      6.600013
      9.824841      0.661593      1.505439      1.509840      1.518337      6.615928
      9.860272      0.663182      1.505515      1.509804      1.518271      6.631824
      9.895703      0.664770      1.505592      1.509769      1.518205      6.647702
      9.931134      0.666356      1.505670      1.509734      1.518139      6.663560
      9.966565      0.667940      1.505749      1.509699      1.518074      6.679399
     10.001996      0.669522      1.505829      1.509664      1.518009      6.695220
     10.037427      0.671102      1.505910      1.509630      1.517944      6.711022
     10.072858      0.672681      1.505992      1.509596      1.517881      6.726806
     10.108289      0.674257      1.506075      1.509562      1.517817      6.742571
     10.143720      0.675832      1.506159      1.509529      1.517754      6.758317
     10.179151      0.677405      1.506243      1.509495      1.517692      6.774046
     10.214582      0.678976      1.506329      1.509462      1.517630      6.789756
     10.250013      0.680545      1.506415      1.509429      1.517568      6.805448
     10.285444      0.682112      1.506503      1.509396      1.517507      6.821121
     10.320875      0.683678      1.506591      1.509364      1.517446      6.836777
     10.356306      0.685242      1.506680      1.509332      1.517385      6.852415
     10.391737      0.686804      1.506770      1.509300      1.517326      6.868035
     10.427168      0.688364      1.506861      1.509268      1.517266      6.883638
     10.462599      0.689922      1.506953      1.509236      1.517207      6.899222
     10.498030      0.691479      1.507046      1.509205      1.517148      6.914789
     10.533461      0.693034      1.507140      1.509174      1.517090      6.930339
     10.568892      0.694587      1.507234      1.509143      1.517032      6.945871
     10.604323      0.696139      1.507329      1.509112      1.516974      6.961386
     10.639754      0.697688      1.507426      1.509082      1.516917      6.976884
     10.675185      0.699236      1.507523      1.509051      1.516860      6.992364
     10.710616      0.700783      1.507620      1.509021      1.516804      7.007827
     10.746047      0.702327      1.507719      1.508991      1.516748      7.023273
     10.781478      0.703870      1.507818      1.508962      1.516692      7.038703
     10.816909      0.705411      1.507919      1.508932      1.516637      7.054115
     10.852340      0.706951      1.508020      1.508903      1.516582      7.069510
     10.887771      0.708489      1.508122      1.508874      1.516527      7.084889
     10.923202      0.710025      1.508224      1.508845      1.516473      7.100251
     10.958633      0.711560      1.508328      1.508816      1.516419      7.115597
     10.994064      0.713093      1.508432      1.508787      1.516366      7.130926
     11.029495      0.714624      1.508537      1.508759      1.516313      7.146238
     11.064926      0.716153      1.508643      1.508731      1.516260      7.161535
     11.100357      0.717681      1.508749      1.508703      1.516208      7.176814
     11.135788      0.719208      1.508857      1.508675      1.516155      7.192078
     11.171219      0.720733      1.508965      1.508647      1.516104      7.207325
     11.206650      0.722256      1.509074      1.508620      1.516052      7.222557
     11.242081      0.723777      1.509183      1.508592      1.516001      7.237772
     11.277512      0.725297      1.509294      1.508565      1.515950      7.252971
     11.312943      0.726815      1.509405      1.508538      1.515900      7.268154
     11.348374      0.728332      1.509517      1.508511      1.515850      7.283322
     11.383805      0.729847      1.509630      1.508485      1.515800      7.298474
     11.419236      0.731361      1.509743      1.508458      1.515750      7.313610
     11.454667      0.732873      1.509857      1.508432      1.515701      7.328730
     11.490098      0.734383      1.509972      1.508406      1.515652      7.343835
     11.525529      0.735892      1.510087      1.508380      1.515603      7.358924
     11.560960      0.737400      1.510204      1.508354      1.515555      7.373998
     11.596391      0.738906      1.510321      1.508328      1.515507      7.389056
     11.631822      0.740410      1.510439      1.508303      1.515459      7.404099
     11.667253      0.741913      1.510557      1.508277      1.515412      7.419127
     11.702684      0.743414      1.510676      1.508252      1.515365      7.434140
     11.738115      0.744914      1.510796      1.508227      1.515318      7.449137
     11.773546      0.746412      1.510917      1.508202      1.515271      7.464120
     11.808977      0.747909      1.511038      1.508178      1.515225      7.479087
     11.844408      0.749404      1.511160      1.508153      1.515179      7.494040
     11.879839      0.750898      1.511283      1.508129      1.515133      7.508977
     11.915270      0.752390      1.511406      1.508104      1.515088      7.523900
     11.950701      0.753881      1.511530      1.508080      1.515043      7.538808
     11.986132      0.755370      1.511655      1.508056      1.514998      7.553701
     12.021563      0.756858      1.511780      1.508032      1.514953      7.568579
     12.056994      0.758344      1.511907      1.508008      1.514909      7.583443
     12.092425      0.759829      1.512033      1.507985      1.514865      7.598293
     12.127856      0.761313      1.512161      1.507961      1.514821      7.613127
     12.163287      0.762795      1.512289      1.507938      1.514777      7.627948
     12.198718      0.764275      1.512418      1.507915      1.514734      7.642754
     12.234149      0.765755      1.512548      1.507892      1.514691      7.657546
     12.269580      0.767232      1.512678      1.507869      1.514648      7.672323
     12.305011      0.768709      1.512809      1.507846      1.514605      7.687086
     12.340442      0.770184      1.512940      1.507824      1.514563      7.701835
     12.375873      0.771657      1.513073      1.507801      1.514521      7.716570
     12.411304      0.773129      1.513206      1.507779      1.514479      7.731291
     12.446735      0.774600      1.513339      1.507756      1.514437      7.745998
     12.482166      0.776069      1.513473      1.507734      1.514396      7.760691
     12.517597      0.777537      1.513608      1.507712      1.514355      7.775370
     12.553028      0.779004      1.513744      1.507690      1.514314      7.790035
     12.588459      0.780469      1.513880      1.507669      1.514273      7.804686
     12.623890      0.781932      1.514017      1.507647      1.514233      7.819324
     12.659321      0.783395      1.514154      1.507625      1.514193      7.833948
     12.694752      0.784856      1.514293      1.507604      1.514153      7.848558
     12.730183      0.786316      1.514432      1.507583      1.514113      7.863155
     12.765614      0.787774      1.514571      1.507562      1.514073      7.877738
     12.801045      0.789231      1.514711      1.507541      1.514034      7.892308
     12.836476      0.790686      1.514852      1.507520      1.513995      7.906864
     12.871907      0.792141      1.514993      1.507499      1.513956      7.921407
     12.907338      0.793594      1.515135      1.507478      1.513917      7.935937
     12.942769      0.795045      1.515278      1.507458      1.513879      7.950453
     12.978200      0.796496      1.515422      1.507437      1.513841      7.964956
     13.013631      0.797945      1.515566      1.507417      1.513803      7.979446
     13.049062      0.799392      1.515710      1.507397      1.513765      7.993923
     13.084493      0.800839      1.515856      1.507376      1.513727      8.008386
     13.119924      0.802284      1.516002      1.507356      1.513690      8.022837
     13.155355      0.803727      1.516148      1.507337      1.513653      8.037274
     13.190786      0.805170      1.516295      1.507317      1.513616      8.051699
     13.226217      0.806611      1.516443      1.507297      1.513579      8.066111
     13.261648      0.808051      1.516592      1.507277      1.513542      8.080509
     13.297079      0.809490      1.516741      1.507258      1.513506      8.094895
     13.332510      0.810927      1.516891      1.507239      1.513470      8.109269
     13.367941      0.812363      1.517041      1.507219      1.513434      8.123629
     13.403372      0.813798      1.517192      1.507200      1.513398      8.137977
     13.438803      0.815231      1.517344      1.507181      1.513362      8.152312
     13.474234      0.816663      1.517496      1.507162      1.513327      8.166635
     13.509665      0.818094      1.517649      1.507143      1.513291      8.180945
     13.545096      0.819524      1.517803      1.507124      1.513256      8.195242
     13.580527      0.820953      1.517957      1.507106      1.513222      8.209528
     13.615958      0.822380      1.518112      1.507087      1.513187      8.223800
     13.651389      0.823806      1.518267      1.507069      1.513152      8.238060
     13.686820      0.825231      1.518423      1.507050      1.513118      8.252308
     13.722251      0.826654      1.518580      1.507032      1.513084      8.266544
     13.757682      0.828077      1.518738      1.507014      1.513050      8.280767
     13.793113      0.829498      1.518896      1.506996      1.513016      8.294979
     13.828544      0.830918      1.519054      1.506978      1.512982      8.309178
     13.863975      0.832336      1.519213      1.506960      1.512949      8.323365
     13.899406      0.833754      1.519373      1.506942      1.512916      8.337540
     13.934837      0.835170      1.519534      1.506924      1.512882      8.351702
     13.970268      0.836585      1.519695      1.506907      1.512850      8.365853
     14.005699      0.837999      1.519857      1.506889      1.512817      8.379992
     14.041130      0.839412      1.520019      1.506872      1.512784      8.394119
     14.076561      0.840823      1.520182      1.506854      1.512752      8.408234
     14.111992      0.842234      1.520346      1.506837      1.512719      8.422337
     14.147423      0.843643      1.520510      1.506820      1.512687      8.436429
     14.182854      0.845051      1.520675      1.506803      1.512655      8.450508
     14.218285      0.846458      1.520841      1.506786      1.512623      8.464576
     14.253716      0.847863      1.521007      1.506769      1.512592      8.478633
     14.289147      0.849268      1.521174      1.506752      1.512560      8.492677
     14.324578      0.850671      1.521341      1.506735      1.512529      8.506710
     14.360009      0.852073      1.521509      1.506718      1.512498      8.520732
     14.395440      0.853474      1.521678      1.506702      1.512467      8.534742
     14.430871      0.854874      1.521847      1.506685      1.512436      8.548740
     14.466302      0.856273      1.522017      1.506669      1.512405      8.562727
     14.501733      0.857670      1.522188      1.506652      1.512375      8.576703
     14.537164      0.859067      1.522359      1.506636      1.512344      8.590667
     14.572595      0.860462      1.522531      1.506620      1.512314      8.604620
     14.608026      0.861856      1.522704      1.506604      1.512284      8.618561
     14.643457      0.863249      1.522877      1.506588      1.512254      8.632491
     14.678888      0.864641      1.523051      1.506572      1.512224      8.646411
     14.714319      0.866032      1.523225      1.506556      1.512194      8.660318
     14.749750      0.867422      1.523400      1.506540      1.512165      8.674215
     14.785181      0.868810      1.523576      1.506524      1.512136      8.688101
     14.820612      0.870198      1.523752      1.506509      1.512106      8.701975
     14.856043      0.871584      1.523929      1.506493      1.512077      8.715839
     14.891474      0.872969      1.524107      1.506478      1.512048      8.729691
     14.926905      0.874353      1.524285      1.506462      1.512019      8.743532
     14.962336      0.875736      1.524464      1.506447      1.511991      8.757363
     14.997767      0.877118      1.524643      1.506431      1.511962      8.771183
     15.033198      0.878499      1.524823      1.506416      1.511934      8.784991
     15.068629      0.879879      1.525004      1.506401      1.511905      8.798789
     15.104060      0.881258      1.525185      1.506386      1.511877      8.812576
     15.139491      0.882635      1.525367      1.506371      1.511849      8.826352
     15.174922      0.884012      1.525550      1.506356      1.511821      8.840118
     15.210353      0.885387      1.525733      1.506341      1.511794      8.853873
     15.245784      0.886762      1.525917      1.506326      1.511766      8.867617
     15.281215      0.888135      1.526102      1.506312      1.511739      8.881350
     15.316646      0.889507      1.526287      1.506297      1.511711      8.895073
     15.352077      0.890879      1.526473      1.506282      1.511684      8.908786
     15.387508      0.892249      1.526660      1.506268      1.511657      8.922487
     15.422939      0.893618      1.526847      1.506253      1.511630      8.936179
     15.458370      0.894986      1.527035      1.506239      1.511603      8.949859
     15.493801      0.896353      1.527223      1.506225      1.511576      8.963530
     15.529232      0.897719      1.527412      1.506210      1.511550      8.977190
     15.564663      0.899084      1.527602      1.506196      1.511523      8.990839
     15.600094      0.900448      1.527792      1.506182      1.511497      9.004478
     15.635525      0.901811      1.527983      1.506168      1.511471      9.018107
     15.670956      0.903173      1.528175      1.506154      1.511444      9.031726
     15.706387      0.904533      1.528368      1.506140      1.511418      9.045334
     15.741818      0.905893      1.528561      1.506126      1.511392      9.058932
     15.777249      0.907252      1.528754      1.506112      1.511367      9.072520
     15.812680      0.908610      1.528949      1.506099      1.511341      9.086098
     15.848111      0.909967      1.529143      1.506085      1.511315      9.099665
     15.883542      0.911322      1.529339      1.506071      1.511290      9.113223
     15.918973      0.912677      1.529535      1.506058      1.511265      9.126770
     15.954404      0.914031      1.529732      1.506044      1.511240      9.140307
     15.989835      0.915383      1.529930      1.506031      1.511214      9.153835
     16.025266      0.916735      1.530128      1.506017      1.511189      9.167352
     16.060697      0.918086      1.530327      1.506004      1.511165      9.180859
     16.096128      0.919436      1.530527      1.505991      1.511140      9.194357
     16.131559      0.920784      1.530727      1.505978      1.511115      9.207844
     16.166990      0.922132      1.530928      1.505964      1.511091      9.221322
     16.202421      0.923479      1.531129      1.505951      1.511066      9.234790
     16.237852      0.924825      1.531332      1.505938      1.511042      9.248248
     16.273283      0.926170      1.531534      1.505925      1.511018      9.261696
     16.308714      0.927513      1.531738      1.505912      1.510994      9.275135
     16.344145      0.928856      1.531942      1.505900      1.510970      9.288563
     16.379576      0.930198      1.532147      1.505887      1.510946      9.301982
     16.415007      0.931539      1.532353      1.505874      1.510922      9.315392
     16.450438      0.932879      1.532559      1.505861      1.510898      9.328792
     16.485869      0.934218      1.532766      1.505849      1.510875      9.342182
     16.521300      0.935556      1.532973      1.505836      1.510851      9.355562
     16.556731      0.936893      1.533182      1.505824      1.510828      9.368933
     16.592162      0.938229      1.533391      1.505811      1.510804      9.382295
     16.627593      0.939565      1.533600      1.505799      1.510781      9.395647
     16.663024      0.940899      1.533810      1.505786      1.510758      9.408989
     16.698455      0.942232      1.534021      1.505774      1.510735      9.422322
     16.733886      0.943565      1.534233      1.505762      1.510712      9.435646
     16.769317      0.944896      1.534445      1.505749      1.510689      9.448960
     16.804748      0.946226      1.534658      1.505737      1.510667      9.462264
     16.840179      0.947556      1.534872      1.505725      1.510644      9.475560
     16.875610      0.948885      1.535086      1.505713      1.510622      9.488846
     16.911041      0.950212      1.535301      1.505701      1.510599      9.502123
     16.946472      0.951539      1.535517      1.505689      1.510577      9.515390
     16.981903      0.952865      1.535734      1.505677      1.510555      9.528649
     17.017334      0.954190      1.535951      1.505665      1.510533      9.541898
     17.052765      0.955514      1.536169      1.505653      1.510511      9.555138
     17.088196      0.956837      1.536387      1.505642      1.510489      9.568368
     17.123627      0.958159      1.536606      1.505630      1.510467      9.581590
     17.159058      0.959480      1.536826      1.505618      1.510445      9.594803
     17.194489      0.960801      1.537047      1.505607      1.510423      9.608006
     17.229920      0.962120      1.537268      1.505595      1.510402      9.621200
     17.265351      0.963439      1.537490      1.505584      1.510380      9.634386
     17.300782      0.964756      1.537713      1.505572      1.510359      9.647562
     17.336213      0.966073      1.537936      1.505561      1.510337      9.660729
     17.371644      0.967389      1.538160      1.505549      1.510316      9.673887
     17.407075      0.968704      1.538385      1.505538      1.510295      9.687037
     17.442506      0.970018      1.538611      1.505527      1.510274      9.700177
     17.477937      0.971331      1.538837      1.505515      1.510253      9.713309
     17.513368      0.972643      1.539064      1.505504      1.510232      9.726431
     17.548799      0.973955      1.539291      1.505493      1.510211      9.739545
     17.584230      0.975265      1.539520      1.505482      1.510191      9.752650
     17.619661      0.976575      1.539749      1.505471      1.510170      9.765746
     17.655092      0.977883      1.539979      1.505460      1.510150      9.778834
     17.690523      0.979191      1.540209      1.505449      1.510129      9.791913
     17.725954      0.980498      1.540440      1.505438      1.510109      9.804983
     17.761385      0.981804      1.540672      1.505427      1.510088      9.818044
     17.796816      0.983110      1.540905      1.505416      1.510068      9.831096
     17.832247      0.984414      1.541138      1.505405      1.510048      9.844140
     17.867678      0.985718      1.541372      1.505395      1.510028      9.857176
     17.903109      0.987020      1.541607      1.505384      1.510008      9.870202
     17.938540      0.988322      1.541843      1.505373      1.509988      9.883220
     17.973971      0.989623      1.542079      1.505363      1.509968      9.896230
     18.009402      0.990923      1.542316      1.505352      1.509949      9.909231
     18.044833      0.992222      1.542554      1.505342      1.509929      9.922223
     18.080264      0.993521      1.542792      1.505331      1.509909      9.935207
     18.115695      0.994818      1.543031      1.505321      1.509890      9.948183
     18.151126      0.996115      1.543271      1.505310      1.509870      9.961150
     18.186557      0.997411      1.543512      1.505300      1.509851      9.974108
     18.221988      0.998706      1.543753      1.505289      1.509832      9.987058
     18.257419      1.000000      1.543995      1.505279      1.509812     10.000000
