  Omega0      e0        e1        e2       e11       e22       e33        ai      delta0  
   1.00000   1.00000   1.00000   1.00000   0.00000   0.00000   0.00000   0.10000   0.00000
      Tau        exp. factor        a1             a2             a3         exp. ratio   
      0.577350      0.100000      1.000000      1.000000      1.000000      1.000000
      0.612781      0.104050      1.054259      1.054259      1.054259      1.040505
      0.648212      0.108024      1.107954      1.107954      1.107954      1.080236
      0.683643      0.111925      1.161097      1.161097      1.161097      1.119249
      0.719074      0.115759      1.213703      1.213703      1.213703      1.157594
      0.754505      0.119531      1.265783      1.265783      1.265783      1.195314
      0.789936      0.123245      1.317349      1.317349      1.317349      1.232448
      0.825367      0.126903      1.368412      1.368412      1.368412      1.269030
      0.860798      0.130509      1.418981      1.418981      1.418981      1.305093
      0.896229      0.134066      1.469067      1.469067      1.469067      1.340664
      0.931660      0.137577      1.518679      1.518679      1.518679      1.375769
      0.967091      0.141043      1.567825      1.567825      1.567825      1.410432
      1.002522      0.144467      1.616514      1.616514      1.616514      1.444674
      1.037953      0.147851      1.664754      1.664754      1.664754      1.478515
      1.073384      0.151197      1.712552      1.712552      1.712552      1.511973
      1.108815      0.154506      1.759915      1.759915      1.759915      1.545064
      1.144246      0.157781      1.806850      1.806850      1.806850      1.577805
      1.179677      0.161021      1.853364      1.853364      1.853364      1.610210
      1.215108      0.164229      1.899463      1.899463      1.899463      1.642292
      1.250539      0.167406      1.945153      1.945153      1.945153      1.674064
      1.285970      0.170554      1.990441      1.990441      1.990441      1.705537
      1.321401      0.173672      2.035332      2.035332      2.035332      1.736722
      1.356832      0.176763      2.079831      2.079831      2.079831      1.767629
      1.392263      0.179827      2.123944      2.123944      2.123944      1.798269
      1.427694      0.182865      2.167675      2.167675      2.167675      1.828650
      1.463125      0.185878      2.211031      2.211031      2.211031      1.858780
      1.498556      0.188867      2.254015      2.254015      2.254015      1.888669
      1.533987      0.191832      2.296633      2.296633      2.296633      1.918322
      1.569418      0.194775      2.338888      2.338888      2.338888      1.947749
      1.604849      0.197695      2.380786      2.380786      2.380786      1.976954
      1.640280      0.200595      2.422330      2.422330      2.422330      2.005945
      1.675711      0.203473      2.463525      2.463525      2.463525      2.034729
      1.711142      0.206331      2.504374      2.504374      2.504374      2.063310
      1.746573      0.209169      2.544883      2.544883      2.544883      2.091695
      1.782004      0.211989      2.585053      2.585053      2.585053      2.119888
      1.817435      0.214789      2.624890      2.624890      2.624890      2.147895
      1.852866      0.217572      2.664397      2.664397      2.664397      2.175721
      1.888297      0.220337      2.703577      2.703577      2.703577      2.203369
      1.923728      0.223085      2.742434      2.742434      2.742434      2.230846
      1.959159      0.225815      2.780971      2.780971      2.780971      2.258154
      1.994590      0.228530      2.819192      2.819192      2.819192      2.285298
      2.030021      0.231228      2.857100      2.857100      2.857100      2.312282
      2.065452      0.233911      2.894697      2.894697      2.894697      2.339109
      2.100883      0.236578      2.931987      2.931987      2.931987      2.365784
      2.136314      0.239231      2.968974      2.968974      2.968974      2.392308
      2.171745      0.241869      3.005659      3.005659      3.005659      2.418687
      2.207176      0.244492      3.042047      3.042047      3.042047      2.444922
      2.242607      0.247102      3.078139      3.078139      3.078139      2.471018
      2.278038      0.249698      3.113938      3.113938      3.113938      2.496976
      2.313469      0.252280      3.149448      3.149448      3.149448      2.522800
      2.348900      0.254849      3.184670      3.184670      3.184670      2.548493
      2.384331      0.257406      3.219608      3.219608      3.219608      2.574057
      2.419762      0.259949      3.254264      3.254264      3.254264      2.599494
      2.455193      0.262481      3.288641      3.288641      3.288641      2.624808
      2.490624      0.265000      3.322740      3.322740      3.322740      2.650000
      2.526055      0.267507      3.356565      3.356565      3.356565      2.675073
      2.561486      0.270003      3.390118      3.390118      3.390118      2.700029
      2.596917      0.272487      3.423401      3.423401      3.423401      2.724870
      2.632348      0.274960      3.456416      3.456416      3.456416      2.749599
      2.667779      0.277422      3.489166      3.489166      3.489166      2.774216
      2.703210      0.279873      3.521653      3.521653      3.521653      2.798725
      2.738641      0.282313      3.553880      3.553880      3.553880      2.823128
      2.774072      0.284742      3.585847      3.585847      3.585847      2.847425
      2.809503      0.287162      3.617558      3.617558      3.617558      2.871619
      2.844934      0.289571      3.649014      3.649014      3.649014      2.895711
      2.880365      0.291970      3.680218      3.680218      3.680218      2.919704
      2.915796      0.294360      3.711171      3.711171      3.711171      2.943598
      2.951227      0.296740      3.741875      3.741875      3.741875      2.967396
      2.986658      0.299110      3.772334      3.772334      3.772334      2.991099
      3.022089      0.301471      3.802547      3.802547      3.802547      3.014708
      3.057520      0.303823      3.832517      3.832517      3.832517      3.038225
      3.092951      0.306165      3.862247      3.862247      3.862247      3.061652
      3.128382      0.308499      3.891738      3.891738      3.891738      3.084989
      3.163813      0.310824      3.920991      3.920991      3.920991      3.108238
      3.199244      0.313140      3.950009      3.950009      3.950009      3.131401
      3.234675      0.315448      3.978793      3.978793      3.978793      3.154478
      3.270106      0.317747      4.007345      4.007345      4.007345      3.177471
      3.305537      0.320038      4.035667      4.035667      4.035667      3.200382
      3.340968      0.322321      4.063760      4.063760      4.063760      3.223210
      3.376399      0.324596      4.091626      4.091626      4.091626      3.245958
      3.411830      0.326863      4.119266      4.119266      4.119266      3.268627
      3.447261      0.329122      4.146683      4.146683      4.146683      3.291217
      3.482692      0.331373      4.173878      4.173878      4.173878      3.313730
      3.518123      0.333617      4.200853      4.200853      4.200853      3.336167
      3.553554      0.335853      4.227608      4.227608      4.227608      3.358529
      3.588985      0.338082      4.254146      4.254146      4.254146      3.380816
      3.624416      0.340303      4.280467      4.280467      4.280467      3.403030
      3.659847      0.342517      4.306575      4.306575      4.306575      3.425172
      3.695278      0.344724      4.332469      4.332469      4.332469      3.447243
      3.730709      0.346924      4.358152      4.358152      4.358152      3.469243
      3.766140      0.349117      4.383625      4.383625      4.383625      3.491173
      3.801571      0.351304      4.408888      4.408888      4.408888      3.513035
      3.837002      0.353483      4.433945      4.433945      4.433945      3.534829
      3.872433      0.355656      4.458796      4.458796      4.458796      3.556556
      3.907864      0.357822      4.483442      4.483442      4.483442      3.578217
      3.943295      0.359981      4.507885      4.507885      4.507885      3.599813
      3.978726      0.362134      4.532126      4.532126      4.532126      3.621344
      4.014157      0.364281      4.556167      4.556167      4.556167      3.642811
      4.049588      0.366422      4.580008      4.580008      4.580008      3.664215
      4.085019      0.368556      4.603651      4.603651      4.603651      3.685557
      4.120450      0.370684      4.627098      4.627098      4.627098      3.706837
      4.155881      0.372806      4.650350      4.650350      4.650350      3.728057
      4.191312      0.374922      4.673407      4.673407      4.673407      3.749216
      4.226743      0.377032      4.696271      4.696271      4.696271      3.770315
      4.262174      0.379136      4.718944      4.718944      4.718944      3.791356
      4.297605      0.381234      4.741426      4.741426      4.741426      3.812338
      4.333036      0.383326      4.763718      4.763718      4.763718      3.833263
      4.368467      0.385413      4.785823      4.785823      4.785823      3.854131
      4.403898      0.387494      4.807741      4.807741      4.807741      3.874942
      4.439329      0.389570      4.829473      4.829473      4.829473      3.895698
      4.474760      0.391640      4.851020      4.851020      4.851020      3.916399
      4.510191      0.393705      4.872383      4.872383      4.872383      3.937045
      4.545622      0.395764      4.893565      4.893565      4.893565      3.957637
      4.581053      0.397818      4.914565      4.914565      4.914565      3.978176
      4.616484      0.399866      4.935385      4.935385      4.935385      3.998662
      4.651915      0.401910      4.956025      4.956025      4.956025      4.019095
      4.687346      0.403948      4.976488      4.976488      4.976488      4.039477
      4.722777      0.405981      4.996773      4.996773      4.996773      4.059807
      4.758208      0.408009      5.016883      5.016883      5.016883      4.080087
      4.793639      0.410032      5.036818      5.036818      5.036818      4.100316
      4.829070      0.412050      5.056579      5.056579      5.056579      4.120495
      4.864501      0.414063      5.076167      5.076167      5.076167      4.140626
      4.899932      0.416071      5.095584      5.095584      5.095584      4.160707
      4.935363      0.418074      5.114829      5.114829      5.114829      4.180740
      4.970794      0.420073      5.133905      5.133905      5.133905      4.200725
      5.006225      0.422066      5.152812      5.152812      5.152812      4.220663
      5.041656      0.424055      5.171551      5.171551      5.171551      4.240554
      5.077087      0.426040      5.190123      5.190123      5.190123      4.260398
      5.112518      0.428020      5.208530      5.208530      5.208530      4.280196
      5.147949      0.429995      5.226771      5.226771      5.226771      4.299948
      5.183380      0.431966      5.244848      5.244848      5.244848      4.319656
      5.218811      0.433932      5.262763      5.262763      5.262763      4.339318
      5.254242      0.435894      5.280515      5.280515      5.280515      4.358936
      5.289673      0.437851      5.298105      5.298105      5.298105      4.378510
      5.325104      0.439804      5.315536      5.315536      5.315536      4.398040
      5.360535      0.441753      5.332807      5.332807      5.332807      4.417527
      5.395966      0.443697      5.349919      5.349919      5.349919      4.436971
      5.431397      0.445637      5.366874      5.366874      5.366874      4.456372
      5.466828      0.447573      5.383671      5.383671      5.383671      4.475732
      5.502259      0.449505      5.400313      5.400313      5.400313      4.495049
      5.537690      0.451433      5.416800      5.416800      5.416800      4.514325
      5.573121      0.453356      5.433133      5.433133      5.433133      4.533560
      5.608552      0.455275      5.449312      5.449312      5.449312      4.552755
      5.643983      0.457191      5.465338      5.465338      5.465338      4.571909
      5.679414      0.459102      5.481213      5.481213      5.481213      4.591023
      5.714845      0.461010      5.496937      5.496937      5.496937      4.610097
      5.750276      0.462913      5.512511      5.512511      5.512511      4.629132
      5.785707      0.464813      5.527936      5.527936      5.527936      4.648128
      5.821138      0.466708      5.543212      5.543212      5.543212      4.667085
      5.856569      0.468600      5.558340      5.558340      5.558340      4.686003
      5.892000      0.470488      5.573322      5.573322      5.573322      4.704884
      5.927431      0.472373      5.588157      5.588157      5.588157      4.723727
      5.962862      0.474253      5.602848      5.602848      5.602848      4.742532
      5.998293      0.476130      5.617393      5.617393      5.617393      4.761300
      6.033724      0.478003      5.631795      5.631795      5.631795      4.780031
      6.069155      0.479873      5.646054      5.646054      5.646054      4.798725
      6.104586      0.481738      5.660170      5.660170      5.660170      4.817384
      6.140017      0.483601      5.674145      5.674145      5.674145      4.836006
      6.175448      0.485459      5.687980      5.687980      5.687980      4.854592
      6.210879      0.487314      5.701674      5.701674      5.701674      4.873143
      6.246310      0.489166      5.715229      5.715229      5.715229      4.891658
      6.281741      0.491014      5.728645      5.728645      5.728645      4.910139
      6.317172      0.492858      5.741923      5.741923      5.741923      4.928585
      6.352603      0.494700      5.755064      5.755064      5.755064      4.946996
      6.388034      0.496537      5.768069      5.768069      5.768069      4.965373
      6.423465      0.498372      5.780938      5.780938      5.780938      4.983716
      6.458896      0.500203      5.793672      5.793672      5.793672      5.002026
      6.494327      0.502030      5.806271      5.806271      5.806271      5.020302
      6.529758      0.503855      5.818737      5.818737      5.818737      5.038545
      6.565189      0.505675      5.831070      5.831070      5.831070      5.056755
      6.600620      0.507493      5.843271      5.843271      5.843271      5.074932
      6.636051      0.509308      5.855340      5.855340      5.855340      5.093077
      6.671482      0.511119      5.867277      5.867277      5.867277      5.111189
      6.706913      0.512927      5.879085      5.879085      5.879085      5.129270
      6.742344      0.514732      5.890763      5.890763      5.890763      5.147318
      6.777775      0.516534      5.902312      5.902312      5.902312      5.165335
      6.813206      0.518332      5.913732      5.913732      5.913732      5.183321
      6.848637      0.520128      5.925025      5.925025      5.925025      5.201275
      6.884068      0.521920      5.936191      5.936191      5.936191      5.219199
      6.919499      0.523709      5.947230      5.947230      5.947230      5.237092
      6.954930      0.525495      5.958144      5.958144      5.958144      5.254954
      6.990361      0.527279      5.968932      5.968932      5.968932      5.272786
      7.025792      0.529059      5.979595      5.979595      5.979595      5.290588
      7.061223      0.530836      5.990135      5.990135      5.990135      5.308360
      7.096654      0.532610      6.000551      6.000551      6.000551      5.326102
      7.132085      0.534382      6.010845      6.010845      6.010845      5.343815
      7.167516      0.536150      6.021016      6.021016      6.021016      5.361499
      7.202947      0.537915      6.031066      6.031066      6.031066      5.379153
      7.238378      0.539678      6.040995      6.040995      6.040995      5.396778
      7.273809      0.541438      6.050804      6.050804      6.050804      5.414375
      7.309240      0.543194      6.060493      6.060493      6.060493      5.431943
      7.344671      0.544948      6.070062      6.070062      6.070062      5.449483
      7.380102      0.546699      6.079513      6.079513      6.079513      5.466995
      7.415533      0.548448      6.088846      6.088846      6.088846      5.484478
      7.450964      0.550193      6.098062      6.098062      6.098062      5.501934
      7.486395      0.551936      6.107160      6.107160      6.107160      5.519362
      7.521826      0.553676      6.116143      6.116143      6.116143      5.536763
      7.557257      0.555414      6.125009      6.125009      6.125009      5.554136
      7.592688      0.557148      6.133761      6.133761      6.133761      5.571483
      7.628119      0.558880      6.142397      6.142397      6.142397      5.588802
      7.663550      0.560609      6.150920      6.150920      6.150920      5.606095
      7.698981      0.562336      6.159329      6.159329      6.159329      5.623360
      7.734412      0.564060      6.167625      6.167625      6.167625      5.640600
      7.769843      0.565781      6.175808      6.175808      6.175808      5.657813
      7.805274      0.567500      6.183880      6.183880      6.183880      5.675000
      7.840705      0.569216      6.191840      6.191840      6.191840      5.692161
      7.876136      0.570930      6.199689      6.199689      6.199689      5.709296
      7.911567      0.572641      6.207428      6.207428      6.207428      5.726405
      7.946998      0.574349      6.215057      6.215057      6.215057      5.743489
      7.982429      0.576055      6.222576      6.222576      6.222576      5.760548
      8.017860      0.577758      6.229987      6.229987      6.229987      5.777581
      8.053291      0.579459      6.237290      6.237290      6.237290      5.794590
      8.088722      0.581157      6.244484      6.244484      6.244484      5.811573
      8.124153      0.582853      6.251572      6.251572      6.251572      5.828531
      8.159584      0.584547      6.258553      6.258553      6.258553      5.845465
      8.195015      0.586237      6.265427      6.265427      6.265427      5.862375
      8.230446      0.587926      6.272196      6.272196      6.272196      5.879260
      8.265877      0.589612      6.278859      6.278859      6.278859      5.896121
      8.301308      0.591296      6.285417      6.285417      6.285417      5.912958
      8.336739      0.592977      6.291872      6.291872      6.291872      5.929771
      8.372170      0.594656      6.298222      6.298222      6.298222      5.946560
      8.407601      0.596333      6.304469      6.304469      6.304469      5.963325
      8.443032      0.598007      6.310613      6.310613      6.310613      5.980067
      8.478463      0.599679      6.316655      6.316655      6.316655      5.996785
      8.513894      0.601348      6.322595      6.322595      6.322595      6.013481
      8.549325      0.603015      6.328433      6.328433      6.328433      6.030153
      8.584756      0.604680      6.334170      6.334170      6.334170      6.046802
      8.620187      0.606343      6.339807      6.339807      6.339807      6.063428
      8.655618      0.608003      6.345344      6.345344      6.345344      6.080031
      8.691049      0.609661      6.350781      6.350781      6.350781      6.096612
      8.726480      0.611317      6.356119      6.356119      6.356119      6.113170
      8.761911      0.612971      6.361358      6.361358      6.361358      6.129706
      8.797342      0.614622      6.366499      6.366499      6.366499      6.146220
      8.832773      0.616271      6.371543      6.371543      6.371543      6.162711
      8.868204      0.617918      6.376489      6.376489      6.376489      6.179180
      8.903635      0.619563      6.381338      6.381338      6.381338      6.195628
      8.939066      0.621205      6.386090      6.386090      6.386090      6.212053
      8.974497      0.622846      6.390747      6.390747      6.390747      6.228457
      9.009928      0.624484      6.395308      6.395308      6.395308      6.244840
      9.045359      0.626120      6.399773      6.399773      6.399773      6.261201
      9.080790      0.627754      6.404144      6.404144      6.404144      6.277540
      9.116221      0.629386      6.408421      6.408421      6.408421      6.293859
      9.151652      0.631016      6.412604      6.412604      6.412604      6.310156
      9.187083      0.632643      6.416693      6.416693      6.416693      6.326432
      9.222514      0.634269      6.420690      6.420690      6.420690      6.342687
      9.257945      0.635892      6.424594      6.424594      6.424594      6.358922
      9.293376      0.637514      6.428405      6.428405      6.428405      6.375136
      9.328807      0.639133      6.432125      6.432125      6.432125      6.391329
      9.364238      0.640750      6.435753      6.435753      6.435753      6.407501
      9.399669      0.642365      6.439291      6.439291      6.439291      6.423654
      9.435100      0.643979      6.442738      6.442738      6.442738      6.439786
      9.470531      0.645590      6.446094      6.446094      6.446094      6.455898
      9.505962      0.647199      6.449361      6.449361      6.449361      6.471989
      9.541393      0.648806      6.452539      6.452539      6.452539      6.488061
      9.576824      0.650411      6.455628      6.455628      6.455628      6.504113
      9.612255      0.652015      6.458628      6.458628      6.458628      6.520145
      9.647686      0.653616      6.461540      6.461540      6.461540      6.536158
      9.683117      0.655215      6.464364      6.464364      6.464364      6.552151
      9.718548      0.656812      6.467101      6.467101      6.467101      6.568124
      9.753979      0.658408      6.469751      6.469751      6.469751      6.584078
      9.789410      0.660001      6.472314      6.472314      6.472314      6.600013
      9.824841      0.661593      6.474791      6.474791      6.474791      6.615928
      9.860272      0.663182      6.477182      6.477182      6.477182      6.631824
      9.895703      0.664770      6.479488      6.479488      6.479488      6.647702
      9.931134      0.666356      6.481709      6.481709      6.481709      6.663560
      9.966565      0.667940      6.483845      6.483845      6.483845      6.679399
     10.001996      0.669522      6.485896      6.485896      6.485896      6.695220
     10.037427      0.671102      6.487864      6.487864      6.487864      6.711022
     10.072858      0.672681      6.489748      6.489748      6.489748      6.726806
     10.108289      0.674257      6.491549      6.491549      6.491549      6.742571
     10.143720      0.675832      6.493267      6.493267      6.493267      6.758317
     10.179151      0.677405      6.494903      6.494903      6.494903      6.774046
     10.214582      0.678976      6.496456      6.496456      6.496456      6.789756
     10.250013      0.680545      6.497928      6.497928      6.497928      6.805448
     10.285444      0.682112      6.499318      6.499318      6.499318      6.821121
     10.320875      0.683678      6.500627      6.500627      6.500627      6.836777
     10.356306      0.685242      6.501855      6.501855      6.501855      6.852415
     10.391737      0.686804      6.503003      6.503003      6.503003      6.868035
     10.427168      0.688364      6.504072      6.504072      6.504072      6.883638
     10.462599      0.689922      6.505060      6.505060      6.505060      6.899222
     10.498030      0.691479      6.505969      6.505969      6.505969      6.914789
     10.533461      0.693034      6.506799      6.506799      6.506799      6.930339
     10.568892      0.694587      6.507551      6.507551      6.507551      6.945871
     10.604323      0.696139      6.508224      6.508224      6.508224      6.961386
     10.639754      0.697688      6.508819      6.508819      6.508819      6.976884
     10.675185      0.699236      6.509337      6.509337      6.509337      6.992364
     10.710616      0.700783      6.509778      6.509778      6.509778      7.007827
     10.746047      0.702327      6.510141      6.510141      6.510141      7.023273
     10.781478      0.703870      6.510428      6.510428      6.510428      7.038703
     10.816909      0.705411      6.510639      6.510639      6.510639      7.054115
     10.852340      0.706951      6.510774      6.510774      6.510774      7.069510
     10.887771      0.708489      6.510833      6.510833      6.510833      7.084889
     10.923202      0.710025      6.510817      6.510817      6.510817      7.100251
     10.958633      0.711560      6.510726      6.510726      6.510726      7.115597
     10.994064      0.713093      6.510561      6.510561      6.510561      7.130926
     11.029495      0.714624      6.510321      6.510321      6.510321      7.146238
     11.064926      0.716153      6.510007      6.510007      6.510007      7.161535
     11.100357      0.717681      6.509619      6.509619      6.509619      7.176814
     11.135788      0.719208      6.509159      6.509159      6.509159      7.192078
     11.171219      0.720733      6.508625      6.508625      6.508625      7.207325
     11.206650      0.722256      6.508018      6.508018      6.508018      7.222557
     11.242081      0.723777      6.507339      6.507339      6.507339      7.237772
     11.277512      0.725297      6.506588      6.506588      6.506588      7.252971
     11.312943      0.726815      6.505765      6.505765      6.505765      7.268154
     11.348374      0.728332      6.504871      6.504871      6.504871      7.283322
     11.383805      0.729847      6.503905      6.503905      6.503905      7.298474
     11.419236      0.731361      6.502869      6.502869      6.502869      7.313610
     11.454667      0.732873      6.501762      6.501762      6.501762      7.328730
     11.490098      0.734383      6.500585      6.500585      6.500585      7.343835
     11.525529      0.735892      6.499338      6.499338      6.499338      7.358924
     11.560960      0.737400      6.498022      6.498022      6.498022      7.373998
     11.596391      0.738906      6.496636      6.496636      6.496636      7.389056
     11.631822      0.740410      6.495180      6.495180      6.495180      7.404099
     11.667253      0.741913      6.493657      6.493657      6.493657      7.419127
     11.702684      0.743414      6.492064      6.492064      6.492064      7.434140
     11.738115      0.744914      6.490404      6.490404      6.490404      7.449137
     11.773546      0.746412      6.488676      6.488676      6.488676      7.464120
     11.808977      0.747909      6.486880      6.486880      6.486880      7.479087
     11.844408      0.749404      6.485017      6.485017      6.485017      7.494040
     11.879839      0.750898      6.483086      6.483086      6.483086      7.508977
     11.915270      0.752390      6.481089      6.481089      6.481089      7.523900
     11.950701      0.753881      6.479026      6.479026      6.479026      7.538808
     11.986132      0.755370      6.476897      6.476897      6.476897      7.553701
     12.021563      0.756858      6.474701      6.474701      6.474701      7.568579
     12.056994      0.758344      6.472440      6.472440      6.472440      7.583443
     12.092425      0.759829      6.470114      6.470114      6.470114      7.598293
     12.127856      0.761313      6.467723      6.467723      6.467723      7.613127
     12.163287      0.762795      6.465267      6.465267      6.465267      7.627948
     12.198718      0.764275      6.462746      6.462746      6.462746      7.642754
     12.234149      0.765755      6.460161      6.460161      6.460161      7.657546
     12.269580      0.767232      6.457513      6.457513      6.457513      7.672323
     12.305011      0.768709      6.454800      6.454800      6.454800      7.687086
     12.340442      0.770184      6.452025      6.452025      6.452025      7.701835
     12.375873      0.771657      6.449186      6.449186      6.449186      7.716570
     12.411304      0.773129      6.446284      6.446284      6.446284      7.731291
     12.446735      0.774600      6.443320      6.443320      6.443320      7.745998
     12.482166      0.776069      6.440293      6.440293      6.440293      7.760691
     12.517597      0.777537      6.437205      6.437205      6.437205      7.775370
     12.553028      0.779004      6.434054      6.434054      6.434054      7.790035
     12.588459      0.780469      6.430842      6.430842      6.430842      7.804686
     12.623890      0.781932      6.427569      6.427569      6.427569      7.819324
     12.659321      0.783395      6.424235      6.424235      6.424235      7.833948
     12.694752      0.784856      6.420840      6.420840      6.420840      7.848558
     12.730183      0.786316      6.417385      6.417385      6.417385      7.863155
     12.765614      0.787774      6.413869      6.413869      6.413869      7.877738
     12.801045      0.789231      6.410294      6.410294      6.410294      7.892308
     12.836476      0.790686      6.406658      6.406658      6.406658      7.906864
     12.871907      0.792141      6.402963      6.402963      6.402963      7.921407
     12.907338      0.793594      6.399209      6.399209      6.399209      7.935937
     12.942769      0.795045      6.395396      6.395396      6.395396      7.950453
     12.978200      0.796496      6.391525      6.391525      6.391525      7.964956
     13.013631      0.797945      6.387595      6.387595      6.387595      7.979446
     13.049062      0.799392      6.383606      6.383606      6.383606      7.993923
     13.084493      0.800839      6.379560      6.379560      6.379560      8.008386
     13.119924      0.802284      6.375456      6.375456      6.375456      8.022837
     13.155355      0.803727      6.371294      6.371294      6.371294      8.037274
     13.190786      0.805170      6.367076      6.367076      6.367076      8.051699
     13.226217      0.806611      6.362800      6.362800      6.362800      8.066111
     13.261648      0.808051      6.358467      6.358467      6.358467      8.080509
     13.297079      0.809490      6.354078      6.354078      6.354078      8.094895
     13.332510      0.810927      6.349633      6.349633      6.349633      8.109269
     13.367941      0.812363      6.345132      6.345132      6.345132      8.123629
     13.403372      0.813798      6.340575      6.340575      6.340575      8.137977
     13.438803      0.815231      6.335962      6.335962      6.335962      8.152312
     13.474234      0.816663      6.331294      6.331294      6.331294      8.166635
     13.509665      0.818094      6.326571      6.326571      6.326571      8.180945
     13.545096      0.819524      6.321793      6.321793      6.321793      8.195242
     13.580527      0.820953      6.316961      6.316961      6.316961      8.209528
     13.615958      0.822380      6.312074      6.312074      6.312074      8.223800
     13.651389      0.823806      6.307133      6.307133      6.307133      8.238060
     13.686820      0.825231      6.302138      6.302138      6.302138      8.252308
     13.722251      0.826654      6.297089      6.297089      6.297089      8.266544
     13.757682      0.828077      6.291987      6.291987      6.291987      8.280767
     13.793113      0.829498      6.286831      6.286831      6.286831      8.294979
     13.828544      0.830918      6.281623      6.281623      6.281623      8.309178
     13.863975      0.832336      6.276362      6.276362      6.276362      8.323365
     13.899406      0.833754      6.271048      6.271048      6.271048      8.337540
     13.934837      0.835170      6.265682      6.265682      6.265682      8.351702
     13.970268      0.836585      6.260263      6.260263      6.260263      8.365853
     14.005699      0.837999      6.254793      6.254793      6.254793      8.379992
     14.041130      0.839412      6.249271      6.249271      6.249271      8.394119
     14.076561      0.840823      6.243698      6.243698      6.243698      8.408234
     14.111992      0.842234      6.238073      6.238073      6.238073      8.422337
     14.147423      0.843643      6.232398      6.232398      6.232398      8.436429
     14.182854      0.845051      6.226671      6.226671      6.226671      8.450508
     14.218285      0.846458      6.220894      6.220894      6.220894      8.464576
     14.253716      0.847863      6.215067      6.215067      6.215067      8.478633
     14.289147      0.849268      6.209189      6.209189      6.209189      8.492677
     14.324578      0.850671      6.203262      6.203262      6.203262      8.506710
     14.360009      0.852073      6.197285      6.197285      6.197285      8.520732
     14.395440      0.853474      6.191258      6.191258      6.191258      8.534742
     14.430871      0.854874      6.185182      6.185182      6.185182      8.548740
     14.466302      0.856273      6.179057      6.179057      6.179057      8.562727
     14.501733      0.857670      6.172882      6.172882      6.172882      8.576703
     14.537164      0.859067      6.166660      6.166660      6.166660      8.590667
     14.572595      0.860462      6.160388      6.160388      6.160388      8.604620
     14.608026      0.861856      6.154069      6.154069      6.154069      8.618561
     14.643457      0.863249      6.147701      6.147701      6.147701      8.632491
     14.678888      0.864641      6.141285      6.141285      6.141285      8.646411
     14.714319      0.866032      6.134822      6.134822      6.134822      8.660318
     14.749750      0.867422      6.128312      6.128312      6.128312      8.674215
     14.785181      0.868810      6.121754      6.121754      6.121754      8.688101
     14.820612      0.870198      6.115149      6.115149      6.115149      8.701975
     14.856043      0.871584      6.108497      6.108497      6.108497      8.715839
     14.891474      0.872969      6.101798      6.101798      6.101798      8.729691
     14.926905      0.874353      6.095053      6.095053      6.095053      8.743532
     14.962336      0.875736      6.088262      6.088262      6.088262      8.757363
     14.997767      0.877118      6.081425      6.081425      6.081425      8.771183
     15.033198      0.878499      6.074541      6.074541      6.074541      8.784991
     15.068629      0.879879      6.067613      6.067613      6.067613      8.798789
     15.104060      0.881258      6.060638      6.060638      6.060638      8.812576
     15.139491      0.882635      6.053619      6.053619      6.053619      8.826352
     15.174922      0.884012      6.046554      6.046554      6.046554      8.840118
     15.210353      0.885387      6.039444      6.039444      6.039444      8.853873
     15.245784      0.886762      6.032290      6.032290      6.032290      8.867617
     15.281215      0.888135      6.025091      6.025091      6.025091      8.881350
     15.316646      0.889507      6.017848      6.017848      6.017848      8.895073
     15.352077      0.890879      6.010561      6.010561      6.010561      8.908786
     15.387508      0.892249      6.003230      6.003230      6.003230      8.922487
     15.422939      0.893618      5.995855      5.995855      5.995855      8.936179
     15.458370      0.894986      5.988436      5.988436      5.988436      8.949859
     15.493801      0.896353      5.980974      5.980974      5.980974      8.963530
     15.529232      0.897719      5.973469      5.973469      5.973469      8.977190
     15.564663      0.899084      5.965921      5.965921      5.965921      8.990839
     15.600094      0.900448      5.958330      5.958330      5.958330      9.004478
     15.635525      0.901811      5.950696      5.950696      5.950696      9.018107
     15.670956      0.903173      5.943020      5.943020      5.943020      9.031726
     15.706387      0.904533      5.935302      5.935302      5.935302      9.045334
     15.741818      0.905893      5.927541      5.927541      5.927541      9.058932
     15.777249      0.907252      5.919739      5.919739      5.919739      9.072520
     15.812680      0.908610      5.911895      5.911895      5.911895      9.086098
     15.848111      0.909967      5.904009      5.904009      5.904009      9.099665
     15.883542      0.911322      5.896082      5.896082      5.896082      9.113223
     15.918973      0.912677      5.888114      5.888114      5.888114      9.126770
     15.954404      0.914031      5.880105      5.880105      5.880105      9.140307
     15.989835      0.915383      5.872055      5.872055      5.872055      9.153835
     16.025266      0.916735      5.863964      5.863964      5.863964      9.167352
     16.060697      0.918086      5.855833      5.855833      5.855833      9.180859
     16.096128      0.919436      5.847661      5.847661      5.847661      9.194357
     16.131559      0.920784      5.839449      5.839449      5.839449      9.207844
     16.166990      0.922132      5.831198      5.831198      5.831198      9.221322
     16.202421      0.923479      5.822906      5.822906      5.822906      9.234790
     16.237852      0.924825      5.814575      5.814575      5.814575      9.248248
     16.273283      0.926170      5.806205      5.806205      5.806205      9.261696
     16.308714      0.927513      5.797795      5.797795      5.797795      9.275135
     16.344145      0.928856      5.789346      5.789346      5.789346      9.288563
     16.379576      0.930198      5.780858      5.780858      5.780858      9.301982
     16.415007      0.931539      5.772332      5.772332      5.772332      9.315392
     16.450438      0.932879      5.763766      5.763766      5.763766      9.328792
     16.485869      0.934218      5.755163      5.755163      5.755163      9.342182
     16.521300      0.935556      5.746521      5.746521      5.746521      9.355562
     16.556731      0.936893      5.737841      5.737841      5.737841      9.368933
     16.592162      0.938229      5.729123      5.729123      5.729123      9.382295
     16.627593      0.939565      5.720367      5.720367      5.720367      9.395647
     16.663024      0.940899      5.711574      5.711574      5.711574      9.408989
     16.698455      0.942232      5.702743      5.702743      5.702743      9.422322
     16.733886      0.943565      5.693875      5.693875      5.693875      9.435646
     16.769317      0.944896      5.684970      5.684970      5.684970      9.448960
     16.804748      0.946226      5.676028      5.676028      5.676028      9.462264
     16.840179      0.947556      5.667049      5.667049      5.667049      9.475560
     16.875610      0.948885      5.658034      5.658034      5.658034      9.488846
     16.911041      0.950212      5.648982      5.648982      5.648982      9.502123
     16.946472      0.951539      5.639893      5.639893      5.639893      9.515390
     16.981903      0.952865      5.630769      5.630769      5.630769      9.528649
     17.017334      0.954190      5.621609      5.621609      5.621609      9.541898
     17.052765      0.955514      5.612412      5.612412      5.612412      9.555138
     17.088196      0.956837      5.603181      5.603181      5.603181      9.568368
     17.123627      0.958159      5.593913      5.593913      5.593913      9.581590
     17.159058      0.959480      5.584610      5.584610      5.584610      9.594803
     17.194489      0.960801      5.575272      5.575272      5.575272      9.608006
     17.229920      0.962120      5.565899      5.565899      5.565899      9.621200
     17.265351      0.963439      5.556492      5.556492      5.556492      9.634386
     17.300782      0.964756      5.547049      5.547049      5.547049      9.647562
     17.336213      0.966073      5.537572      5.537572      5.537572      9.660729
     17.371644      0.967389      5.528060      5.528060      5.528060      9.673887
     17.407075      0.968704      5.518514      5.518514      5.518514      9.687037
     17.442506      0.970018      5.508934      5.508934      5.508934      9.700177
     17.477937      0.971331      5.499320      5.499320      5.499320      9.713309
     17.513368      0.972643      5.489672      5.489672      5.489672      9.726431
     17.548799      0.973955      5.479991      5.479991      5.479991      9.739545
     17.584230      0.975265      5.470276      5.470276      5.470276      9.752650
     17.619661      0.976575      5.460527      5.460527      5.460527      9.765746
     17.655092      0.977883      5.450746      5.450746      5.450746      9.778834
     17.690523      0.979191      5.440931      5.440931      5.440931      9.791913
     17.725954      0.980498      5.431083      5.431083      5.431083      9.804983
     17.761385      0.981804      5.421203      5.421203      5.421203      9.818044
     17.796816      0.983110      5.411290      5.411290      5.411290      9.831096
     17.832247      0.984414      5.401344      5.401344      5.401344      9.844140
     17.867678      0.985718      5.391366      5.391366      5.391366      9.857176
     17.903109      0.987020      5.381356      5.381356      5.381356      9.870202
     17.938540      0.988322      5.371314      5.371314      5.371314      9.883220
     17.973971      0.989623      5.361240      5.361240      5.361240      9.896230
     18.009402      0.990923      5.351134      5.351134      5.351134      9.909231
     18.044833      0.992222      5.340997      5.340997      5.340997      9.922223
     18.080264      0.993521      5.330828      5.330828      5.330828      9.935207
     18.115695      0.994818      5.320628      5.320628      5.320628      9.948183
     18.151126      0.996115      5.310396      5.310396      5.310396      9.961150
     18.186557      0.997411      5.300134      5.300134      5.300134      9.974108
     18.221988      0.998706      5.289840      5.289840      5.289840      9.987058
     18.257419      1.000000      5.279516      5.279516      5.279516     10.000000
